0000000000000
8010010405ff0
8010090405ff0
8090010405ff0
8090090405ff0
0000000000000
8050050203f00
80700702030f0
805007020300f
8070050203fff
0000000000000
0000000000000
8010100405ff0
8010180405ff0
8090100405ff0
8090180405ff0
0000000000000
8050140203ff0
80701602030ff
8050160203f0f
8070140203fff
0000000000000
0000000000000
0000000000000
0000000000000
0000000000000
0000000000000
0000000000000
0000000000000
0000000000000
0000000000000
0000000000000
0000000000000
0000000000000
0000000000000
0000000000000
0000000000000
0000000000000
0000000000000
0000000000000
0000000000000
0000000000000
0000000000000
0000000000000
0000000000000
0000000000000
0000000000000
0000000000000
0000000000000
0000000000000
0000000000000
0000000000000
0000000000000
0000000000000
0000000000000
0000000000000
0000000000000
0000000000000
0000000000000
0000000000000
01a0000201000
81c0000200fff