0000000000000
802006040a000
80200a040b000
806006040c000
80600a040d000
0000000000000
80400e0408000
0000000000000
80a0060809000
0000000000000
8020120809000
80a012040a000
80a016040b000
80e012040c000
80e016040d000
80c00e0408000
0000000000000
0000000000000
0000000000000
0000000000000
0000000000000
0000000000000
0000000000000
0000000000000
0000000000000
0000000000000
0000000000000
0000000000000
0000000000000
0000000000000
0000000000000
0000000000000
0000000000000
0000000000000
0000000000000
0000000000000
0000000000000
0000000000000
0000000000000
0000000000000
0000000000000
0000000000000
0000000000000
0000000000000
0000000000000
0000000000000
0000000000000
0000000000000
0000000000000
0000000000000
0000000000000
0000000000000
0000000000000
0000000000000
0000000000000
0000000000000
0000000000000
0000000000000
0000000000000
0000000000000
01a0000201000
81c0000200fff