0000000000000
8040040408000
80400c0408000
8040140408000
80401c0408000
0000000000000
0000000000000
0000000000000
0080080402000
0080100402000
0080180402000
0000000000000
0000000000000
0000000000000
80c0040408000
80c00c0408000
80c0140408000
80c01c0408000
0000000000000
0000000000000
0000000000000
0100080402000
0100100402000
0100180402000
0000000000000
0000000000000
0000000000000
0000000000000
0000000000000
0000000000000
0000000000000
0000000000000
0000000000000
0000000000000
0000000000000
0000000000000
0000000000000
0000000000000
0000000000000
0000000000000
0000000000000
0000000000000
0000000000000
0000000000000
0000000000000
0000000000000
0000000000000
0000000000000
0000000000000
0000000000000
0000000000000
0000000000000
0000000000000
0000000000000
0000000000000
0000000000000
0000000000000
0000000000000
0000000000000
0000000000000
0000000000000
81c0000200fff