111111111111
111111111111
111111111111
111111111111
111111111111
111111111111
111111111111
111111111111
111111111111
111111111111
111111111111
111111111111
111111111111
111111111111
111111111111
111111111111
111111111111
111111111111
111111111111
111111111111
111111111111
111111111111
111111111111
111111111111
111111111111
111111111111
111111111111
111111111111
111111111111
111111111111
111111111111
111111111111
111111111111
111111111111
111111111111
111111111111
111111111111
111111111111
111111111111
111111111111
111111111111
111111111111
111111111111
111111111111
111111111111
111111111111
111111111111
111011101110
101110101010
100110001000
100110001000
100010001000
100010001001
101010101011
110011001101
110011011101
110011011101
110011011101
110011011101
110011011101
110011011101
110011011101
110011011101
110011011101
111111111111
111111111111
111111111111
111111111111
111111111111
111111111111
111111111111
111111111111
111111111111
111111111111
111111111111
111111111111
111111111111
111111111111
111111111111
111111111111
111111111111
111111111111
111111111111
111111111111
111111111111
111111111111
111111111111
111111111111
111111111111
111111111111
111111111111
111111111111
111111111111
111111111111
111111111111
111111111111
111111111111
111111111111
111111111111
111111111111
111111111111
111111111111
111111111111
111111111111
111111111111
111111111111
111111111111
111111111111
110011001100
100010001000
011101110111
100010001001
101111001100
110111101110
111011101111
111011101111
111011101111
111011101110
110111101110
110111011110
110111011110
110111011110
110011011101
110011011101
110011011101
110011011101
110011011101
110011011101
111111111111
111111111111
111111111111
111111111111
111111111111
111111111111
111111111111
111111111111
111111111111
111111111111
111111111111
111111111111
111111111111
111111111111
111111111111
111111111111
111111111111
111111111111
111111111111
111111111111
111111111111
111111111111
111111111111
111111111111
111111111111
111111111111
111111111111
111111111111
111111111111
111111111111
111111111111
111111111111
111111111111
111111111111
111111111111
111111111111
111111111111
111111111111
111111111111
111111111111
111111111111
111111111111
101010011001
011101110111
100110011010
110111011110
111011101110
111011101111
111011101110
111011101110
111011101110
111011101110
111011101110
111011101110
111011101110
111011101110
110111101110
110111011110
110111101110
110111011110
110111011101
110111011101
110111011101
110111011101
111111111111
111111111111
111111111111
111111111111
111111111111
111111111111
111111111111
111111111111
111111111111
111111111111
111111111111
111111111111
111111111111
111111111111
111111111111
111111111111
111111111111
111111111111
111111111111
111111111111
111111111111
111111111111
111111111111
111111111111
111111111111
111111111111
111111111111
111111111111
111111111111
111111111111
111111111111
111111111111
111111111111
111111111111
111111111111
111111111111
111111111111
111111111111
111111111111
111111111111
100110011001
011101110111
101111001100
111011101111
111011101111
111011101110
111011101110
111011101110
111011101110
111011101110
111011101110
110111101110
110011011101
110011001101
101111001100
101111001100
110011001100
110111011101
110111011101
110111101110
111011101110
111011101110
111011101110
111011101110
111111111111
111111111111
111111111111
111111111111
111111111111
111111111111
111111111111
111111111111
111111111111
111111111111
111111111111
111111111111
111111111111
111111111111
111111111111
111111111111
111111111111
111111111111
111111111111
111111111111
111111111111
111111111111
111111111111
111111111111
111111111111
111111111111
111111111111
111111111111
111111111111
111111111111
111111111111
111111111111
111111111111
111111111111
111111111111
111111111111
111111111111
111111111111
101010011001
011101110111
101111001101
111011101111
111011101110
111011101110
111011101110
111011101110
111011101110
111011101110
111011101110
110011011101
101111001100
101111001100
110011001100
110011011101
110011011110
110111011110
110111101110
111011101110
111011101110
111011101110
111011101110
111011101110
111011101110
111011101110
111111111111
111111111111
111111111111
111111111111
111111111111
111111111111
111111111111
111111111111
111111111111
111111111111
111111111111
111111111111
111111111111
111111111111
111111111111
111111111111
111111111111
111111111111
111111111111
111111111111
111111111111
111111111111
111111111111
111111111111
111111111111
111111111111
111111111111
111111111111
111111111111
111111111111
111111111111
111111111111
111111111111
111111111111
111111111111
111111111111
110011001100
011101100110
101110111100
111011101111
111011101110
111011101110
111011101110
111011101110
111011101110
111011101110
111011101110
110011001100
101110111100
101111001100
110011011101
110011011101
110111011110
110111101110
111011101110
111011101110
111011101110
111011101110
111011101110
111011101110
111011101110
111011101110
111011101110
111011101110
111111111111
111111111111
111111111111
111111111111
111111111111
111111111111
111111111111
111111111111
111111111111
111111111111
111111111111
111111111111
111111111111
111111111111
111111111111
111111111111
111111111111
111111111111
111111111111
111111111111
111111111111
111111111111
111111111111
111111111111
111111111111
111111111111
111111111111
111111111111
111111111111
111111111111
111111111111
111111111111
111111111111
111111111111
111111111111
100001110111
100110011001
110111101110
111011101110
111011101110
111011101110
111011101110
111011101110
111011101110
111011101110
110011001101
101110111100
110011001101
110011011101
110011011101
110111011110
111011101110
111011101110
111011101110
111011101110
111011101110
111011101110
111011101110
111011101110
111011101110
111011101110
111011101110
111011101110
110111101110
111111111111
111111111111
111111111111
111111111111
111111111111
111111111111
111111111111
111111111111
111111111111
111111111111
111111111111
111111111111
111111111111
111111111111
111111111111
111111111111
111111111111
111111111111
111111111111
111111111111
111111111111
111111111111
111111111111
111111111111
111111111111
111111111111
111111111111
111111111111
111111111111
111111111111
111111111111
111111111111
111111111111
110111011101
011001100110
110011001101
111011101111
111011101110
111011101110
111011101110
111011101110
111011101110
111011101110
110011001100
101111001100
110011011101
110011011101
110111011110
111011101110
111011101110
111011101110
111011101110
111011101110
111011101110
111011101110
111011101110
111011101110
111011101110
111011101110
111011101110
111011101110
111011101110
111011101110
111011101110
111111111111
111111111111
111111111111
111111111111
111111111111
111111111111
111111111111
111111111111
111111111111
111111111111
111111111111
111111111111
111111111111
111111111111
111111111111
111111111111
111111111111
111111111111
111111111111
111111111111
111111111111
111111111111
111111111111
111111111111
111111111111
111111111111
111111111111
111111111111
111111111111
111111111111
111111111111
111111111111
101110101010
011101110111
111011101111
111011101110
111011101110
111011101110
111011101110
111011101110
111011101110
110011001101
101111001100
110011011101
110011011101
110111011110
111011101110
111011101110
111011101110
111011101110
111011101110
111011101110
111011101110
111011101110
111011101110
111011101110
111011101110
111011101110
111011101110
111011101110
111011101110
111011101110
111011101110
111011101110
111111111111
111111111111
111111111111
111111111111
111111111111
111111111111
111111111111
111111111111
111111111111
111111111111
111111111111
111111111111
111111111111
111111111111
111111111111
111111111111
111111111111
111111111111
111111111111
111111111111
111111111111
111111111111
111111111111
111111111111
111111111111
111111111111
111111111111
111111111111
111111111111
111111111111
111111111111
100110011001
100110011010
111011111111
111011101110
111011101110
111011101110
111011101110
111011101110
110111011101
101110111100
110011011101
110011011101
110011011101
111011101110
111011101110
111011101110
111011101110
111011101110
111011101110
111011101110
111011101110
111011101110
111011101110
111011101110
111011101110
111011101110
111011101110
111011101110
111011101110
111011101110
111011101110
111011101110
111011101110
111111111111
111111111111
111111111111
111111111111
111111111111
111111111111
111111111111
111111111111
111111111111
111111111111
111111111111
111111111111
111111111111
111111111111
111111111111
111111111111
111111111111
111111111111
111111111111
111111111111
111111111111
111111111111
111111111111
111111111111
111111111111
111111111111
111111111111
111111111111
111111111111
111111111111
100110001000
101010101011
111011111111
111011101110
111011101110
111011101110
111011101110
111011101110
110011001100
101111001101
110011011101
110011011101
110111011110
111011101110
111011101110
111011101110
111011101110
111011101110
111011101110
111011101110
111011101110
111011101110
111011101110
111011101110
111011101110
111011101110
111011101110
111011101110
111011101110
111011101110
111011101110
111011101110
111011101110
111011101110
111111111111
111111111111
111111111111
111111111111
111111111111
111111111111
111111111111
111111111111
111111111111
111111111111
111111111111
111111111111
111111111111
111111111111
111111111111
111111111111
111111111111
111111111111
111111111111
111111111111
111111111111
111111111111
111111111111
111111111111
111111111111
111111111111
111111111111
111111111111
111111111111
100110001000
101110111011
111011111111
111011101110
111011101110
111011101110
111011101110
110111011101
101110111100
110011011101
110011011101
110111011110
111011101110
111011101110
111011101110
111011101110
111011101110
111011101110
111011101110
111011101110
111011101110
111011101110
111011101110
111011101110
111011101110
111011101110
111011101110
111011101110
111011101110
111011101110
111011101110
110111101110
110111101110
111011101110
111011101110
111111111111
111111111111
111111111111
111111111111
111111111111
111111111111
111111111111
111111111111
111111111111
111111111111
111111111111
111111111111
111111111111
111111111111
111111111111
111111111111
111111111111
111111111111
111111111111
111111111111
111111111111
111111111111
111111111111
111111111111
111111111111
111111111111
111111111111
111111111111
100110001000
101110111011
111011111111
111011101110
111011101110
111011101110
111011101110
110011001100
101111001101
110011011101
110011011101
110111101110
111011101110
111011101110
111011101110
111011101110
111011101110
111011101110
111011101110
111011101110
111011101110
111011101110
111011101110
111011101110
111011101110
111011101110
111011101110
111011101110
111011101110
111011101110
110111101110
110011011101
110111101110
111011101110
111011101110
111011101110
111111111111
111111111111
111111111111
111111111111
111111111111
111111111111
111111111111
111111111111
111111111111
111111111111
111111111111
111111111111
111111111111
111111111111
111111111111
111111111111
111111111111
111111111111
111111111111
111111111111
111111111111
111111111111
111111111111
111111111111
111111111111
111111111111
111111111111
100110001000
101110111011
111011111111
111011101110
111011101110
111011101110
111011101110
101110111100
110011011101
110011011101
110111011110
111011101110
111011101110
111011101110
111011101110
111011101110
111011101110
111011101110
111011101110
111011101110
111011101110
111011101110
111011101110
111011101110
111011101110
111011101110
111011101110
111011101110
111011101110
110111011110
110011011101
110111011110
111011101110
111011101110
111011101110
111011101110
111011101110
111111111111
111111111111
111111111111
111111111111
111111111111
111111111111
111111111111
111111111111
111111111111
111111111111
111111111111
111111111111
111111111111
111111111111
111111111111
111111111111
111111111111
111111111111
111111111111
111111111111
111111111111
111111111111
111111111111
111111111111
111111111111
111111111111
100110001000
110010111100
111011111111
111011101110
111011101110
111011101110
110111011101
101110111100
110011011101
110011011101
111011101110
111011101110
111011101110
111011101110
111011101110
111011101110
111011101110
111011101110
111011101110
111011101110
111011101110
111011101110
111011101110
111011101110
111011101110
111011101110
111011101110
111011101110
110111101110
110011011101
110011011101
110111101110
111011101110
111011101110
111011101110
111011101110
111011101110
110011011101
111111111111
111111111111
111111111111
111111111111
111111111111
111111111111
111111111111
111111111111
111111111111
111111111111
111111111111
111111111111
111111111111
111111111111
111111111111
111111111111
111111111111
111111111111
111111111111
111111111111
111111111111
111111111111
111111111111
111111111111
111111111111
100110001000
110011001100
111011111111
111011101110
111011101110
111011101110
110011011101
101111001100
110011011101
110111011110
111011101110
111011101110
111011101110
111011101110
111011101110
111011101110
111011101110
111011101110
111011101110
111011101110
111011101110
111011101110
111011101110
111011101110
111011101110
111011101110
111011111111
110011001100
101111001100
110011011101
110111011110
111011101110
111011101110
111011101110
111011101110
111011101110
111011101110
110011011101
110111011110
111111111111
111111111111
111111111111
111111111111
111111111111
111111111111
111111111111
111111111111
111111111111
111111111111
111111111111
111111111111
111111111111
111111111111
111111111111
111111111111
111111111111
111111111111
111111111111
111111111111
111111111111
111111111111
111111111111
111111111111
101010011001
101110111011
111011111111
111011101110
111011101110
111011101111
110011001100
101111001101
110011011101
110111101110
111011101110
111011101110
111011101110
111011101110
111011101110
111011101110
111011101110
111011101110
111011101110
111011101110
111011101110
111011101110
111011101110
111011101110
111011101110
111011101110
111011111111
101010101010
101111001101
110011011101
111011101110
111011101110
111011101110
111011101110
111011101110
111011101110
111011101110
110011011101
111011101110
111011101110
111111111111
111111111111
111111111111
111111111111
111111111111
111111111111
111111111111
111111111111
111111111111
111111111111
111111111111
111111111111
111111111111
111111111111
111111111111
111111111111
111111111111
111111111111
111111111111
111111111111
111111111111
111111111111
111111111111
101110111011
101010101010
111111111111
111011101110
111011101110
111011101111
110011001100
110011001101
110011011101
111011101110
111011101110
111011101110
111011101110
111011101110
111011101110
111011101110
111011101110
111011101110
111011101110
111011101110
111011101110
111011101110
111011101110
111011101110
111011101110
111011101110
111011111111
101010101010
110011011101
110111011110
111011101110
111011101110
111011101110
111011101110
111011101110
111011101110
111011101110
110111011110
111011101110
111011101110
111011101110
111111111111
111111111111
111111111111
111111111111
111111111111
111111111111
111111111111
111111111111
111111111111
111111111111
111111111111
111111111111
111111111111
111111111111
111111111111
111111111111
111111111111
111111111111
111111111111
111111111111
111111111111
111111111111
111011101110
101010011001
111111111111
111011101110
111011101110
111011101110
110011001100
101111001101
110011011101
111011101110
111011101110
111011101110
111011101110
111011101110
111011101110
111011101110
111011101110
111011101110
111011101110
111011101110
111011101110
111011101110
111011101110
111011101110
111011101110
111011101110
111011101111
101010011010
110011011101
110111101110
111011101110
111011101110
111011101110
111011101110
111011101110
111011101110
111011101110
110111101110
111011101110
111011101110
111011101110
111011101110
111111111111
111111111111
111111111111
111111111111
111111111111
111111111111
111111111111
111111111111
111111111111
111111111111
111111111111
111111111111
111111111111
111111111111
111111111111
111111111111
111111111111
111111111111
111111111111
111111111111
111111111111
111111111111
101010011001
111111111111
111011101110
111011101110
111011101110
110011001100
101111001101
110111011110
111011101110
111011101110
111011101110
111011101110
111011101110
111011101110
111011101110
111011101110
111011101110
111011101110
111011101110
111011101110
111011101110
111011101110
111011101110
111011101110
111011101110
111011101111
100110011010
110011011101
111011101110
111011101110
111011101110
111011101110
111011101110
111011101110
111011101110
111011101110
111011101110
111011101110
111011101110
111011101110
111011101110
111011101110
111111111111
111111111111
111111111111
111111111111
111111111111
111111111111
111111111111
111111111111
111111111111
111111111111
111111111111
111111111111
111111111111
111111111111
111111111111
111111111111
111111111111
111111111111
111111111111
111111111111
111111111111
101110101010
111011101110
111011101110
111011101110
111011101110
110011001101
101111001101
110111011110
111011101110
111011101110
111011101110
111011101110
111011101110
111011101110
111011101110
111011101110
111011101110
111011101110
111011101110
111011101110
111011101110
111011101110
111011101110
111011101110
111011101110
111011101111
101010111011
101111001100
111011101111
111011101110
111011101110
111011101110
111011101110
111011101110
111011101110
111011101110
111011101110
111011101110
111011101110
111011101110
111011101110
111011101110
111011101110
111111111111
111111111111
111111111111
111111111111
111111111111
111111111111
111111111111
111111111111
111111111111
111111111111
111111111111
111111111111
111111111111
111111111111
111111111111
111111111111
111111111111
111111111111
111111111111
111111111111
110011001100
110111011101
111011101110
111011101110
111011101110
110111011101
101111001100
110111101110
111011101110
111011101110
111011101110
111011101110
111011101110
111011101110
111011101110
111011101110
111011101110
111011101110
111011101110
111011101111
111011101110
111011101110
111011101110
111011101110
111011101110
111011101110
110011001101
101010101010
111011111111
111011101110
111011101110
111011101110
111011101110
111011101110
111011101110
111011101110
111011101110
111011101110
111011101110
111011101110
111011101110
111011101110
111011101110
111011101110
111111111111
111111111111
111111111111
111111111111
111111111111
111111111111
111111111111
111111111111
111111111111
111111111111
111111111111
111111111111
111111111111
111111111111
111111111111
111111111111
111111111111
111111111111
111111111111
111011101110
110010111011
111011101111
111011101110
111011101110
110111011110
101110111100
110111101110
111011101110
111011101110
111011101110
111011101110
111011101110
111011101110
111011101110
111011101110
111011101110
111011101110
111011101110
111011101110
111011101110
111011101110
111011101110
111011101110
111011101110
111011101110
110111101110
100010001001
111011111111
111011101110
111011101110
111011101110
111011101110
111011101110
111011101110
111011101110
111011101110
111011101110
111011101110
111011101110
111011101110
111011101110
111011101110
111011101110
111011101110
111111111111
111111111111
111111111111
111111111111
111111111111
111111111111
111111111111
111111111111
111111111111
111111111111
111111111111
111111111111
111111111111
111111111111
111111111111
111111111111
111111111111
111111111111
111111101110
101110101010
111111111111
111011101110
111011101110
111011101110
101111001100
110111011110
111011101110
111011101110
111011101110
111011101110
111011101110
111011101110
111011101110
111011101110
111011101110
111011101110
111011101110
111011101110
111011101110
111011101110
111011101110
111011101110
111011101110
111011101110
111011101110
100110011001
110111011101
111011101110
111011101110
111011101110
111011101110
111011101110
111011101110
111011101110
111011101110
111011101110
111011101110
111011101110
111011101110
111011101110
111011101110
111011101110
111011101110
111011101110
111111111111
111111111111
111111111111
111111111111
111111111111
111111111111
111111111111
111111111111
111111111111
111111111111
111111111111
111111111111
111111111111
111111111111
111111111111
111111111111
111111111111
111111111111
101010011001
111111111111
111011101110
111011101110
111011111111
110111011101
111011101110
111111111111
111011101110
111011101110
111011101110
111011101110
111011101110
111011101110
111011101110
111011101110
111011101110
111011101110
111011101110
111011101110
111011101110
111011101110
111011101110
111011101110
111011101110
111011101110
101110111100
101110111011
111011101111
111011101110
111011101110
111011101110
111011101110
111011101110
111011101110
111011101110
111011101110
111011101110
111011101110
111011101110
111011101110
111011101110
111011101110
111011101110
111011101110
111011101110
111111111111
111111111111
111111111111
111111111111
111111111111
111111111111
111111111111
111111111111
111111111111
111111111111
111111111111
111111111111
111111111111
111111111111
111111111111
111111111111
111111111111
101010011001
111011111111
111011101111
111011101110
111011101111
110111011110
111011101110
111011101110
111011101110
111011101110
111011101110
111011101110
111011101110
111011101110
111011101110
111011101110
111011101110
111011101110
111011101110
111011101110
111011101110
111011101110
111011101110
111011101110
111011101110
111011101110
110111011110
100010001000
111111111111
111011101110
111011101110
111011101110
111011101110
111011101110
111011101110
111011101110
111011101110
111011101110
111011101110
111011101110
111011101110
111011101110
111011101110
111011101110
111011101110
111011101110
111011101110
111111111111
111111111111
111111111111
111111111111
111111111111
111111111111
111111111111
111111111111
111111111111
111111111111
111111111111
111111111111
111111111111
111111111111
111111111111
111111111111
101110101010
110111011101
111111111111
111011101110
111011101110
111011101110
111011101110
111011101111
111011101110
111011101110
111011101110
111011101110
111011101110
111011101110
111011101110
111011101110
111011101110
111011101110
111011101110
111011101110
111011101110
111011101110
111011101110
111011101110
111011101110
111011101110
111011101110
100010001001
111011101110
111011101110
111011101110
111011101110
111011101110
111011101110
111011101110
111011101110
111011101110
111011101110
111011101110
111011101110
111011101110
111011101110
111011101110
111011101110
111011101110
111011101110
111011101110
111011101110
111111111111
111111111111
111111111111
111111111111
111111111111
111111111111
111111111111
111111111111
111111111111
111111111111
111111111111
111111111111
111111111111
111111111111
111111111111
110011001100
110011001100
111111111111
111011101110
111011101110
111011101110
111011101110
111011101110
111011101110
111011101110
111011101110
111011101110
111011101110
111011101110
111011101110
111011101110
111011101110
111011101110
111011101110
111011101110
111011101110
111011101110
111011101110
111011101110
111011101110
111011101110
111011101110
101111001100
101110101010
110111101110
111011101110
111011101110
111011101110
111011101110
111011101110
111011101110
111011101110
111011101110
111011101110
111011101110
111011101110
111011101110
111011101110
111011101110
111011101110
111011101110
111011101110
111011101110
111011101110
111111111111
111111111111
111111111111
111111111111
111111111111
111111111111
111111111111
111111111111
111111111111
111111111111
111111111111
111111111111
111111111111
111111111111
111011101110
101010101010
111111111111
111011101110
111011101110
111011101110
111011101110
111011101110
111011101110
111011101110
111011101110
111011101110
111011101110
111011101110
111011101110
111011101110
111011101110
111011101110
111011101110
111011101110
111011101110
111011101110
111011101110
111011101110
111011101110
111011101110
111011101110
111111111111
100110011001
111111111111
111011101110
111011101110
111011101110
111011101110
111011101110
111011101110
111011101110
111011101110
111011101110
111011101110
111011101110
111011101110
111011101110
111011101110
111011101110
111011101110
111011101110
111011101110
111011101110
111011101110
111111111111
111111111111
111111111111
111111111111
111111111111
111111111111
111111111111
111111111111
111111111111
111111111111
111111111111
111111111111
111111111111
111111111111
100110011001
111111111111
111011101110
111011101110
111011101110
111011101110
111011101110
111011101110
111011101110
111011101110
111011101110
111011101110
111011101110
111011101110
111011101110
111011101110
111011101110
111011101110
111011101110
111011101110
111011101110
111011101110
111011101110
111011101110
111011101110
111011101110
111111111111
101110111011
110111011101
111011101111
111011101110
111011101110
111011101110
111011101110
111011101110
111011101110
111011101110
111011101110
111011101110
111011101110
111011101110
111011101110
111011101110
111011101110
111011101110
111011101110
111011101110
111011101110
111011101110
111011101110
111111111111
111111111111
111111111111
111111111111
111111111111
111111111111
111111111111
111111111111
111111111111
111111111111
111111111111
111111111111
111111111111
100110011001
111011101110
111011101110
111011101110
111011101110
111011101110
110111101110
111011101110
111011101110
111011101110
111011101110
111011101110
111011101110
111011101110
111011101110
111011101110
111011101110
111011101110
111011101110
111011101110
111011101110
111011101110
111011101110
111011101110
111011101110
111011101110
111011101111
111011101111
100110011001
111111111111
111011101110
111011101110
111011101110
111011101110
111011101110
111011101110
111011101110
111011101110
111011101110
111011101110
111011101110
111011101110
111011101110
111011101110
111011101110
111011101110
111011101110
111011101110
111011101110
111011101110
111011101111
111111111111
111111111111
111111111111
111111111111
111111111111
111111111111
111111111111
111111111111
111111111111
111111111111
111111111111
111111111111
101010101010
110111011101
111111111111
111011101110
111011101110
111011101110
111011101110
111011101110
111011101110
111011101110
111011101110
111011101110
111011101110
111011101110
111011101110
111011101110
111011101110
111011101110
111011101110
111011101110
111011101110
111011101110
111011101110
111011101110
111011101110
111011101110
111011101110
111111111111
101010101010
111011101110
111011101110
111011101110
111011101110
111011101110
111011101110
111011101110
111011101110
111011101110
111011101110
111011101110
111011101110
111011101110
111011101110
111011101110
111011101110
111011101110
111011101110
111011101110
111011101110
111011101110
111011111111
110010111100
111111111111
111111111111
111111111111
111111111111
111111111111
111111111111
111111111111
111111111111
111111111111
111111111111
111111111111
110011001100
101110111011
111111111111
111011101110
111011101110
111011101110
111011101110
111011101110
111011101110
111011101110
111011101110
111011101110
111011101110
111011101110
111011101110
111011101110
111011101110
111011101110
111011101110
111011101110
111011101110
111011101110
111011101110
111011101110
111011101110
111011101110
111011101110
111011111111
111011101110
101010101010
111011111111
111011101110
111011101110
111011101110
111011101110
111011101110
111011101110
111011101110
111011101110
111011101110
111011101110
111011101110
111011101110
111011101110
111011101110
111011101110
111011101110
111011101110
111011101110
111011101110
111011101111
111011101110
101110101011
111111111111
111111111111
111111111111
111111111111
111111111111
111111111111
111111111111
111111111111
111111111111
111111111111
111011101110
100110011001
111111111111
111011101110
111011101110
111011101110
111011101110
111011101110
111011101110
111011101110
111011101110
111011101110
111011101110
111011101110
111011101110
111011101110
111011101110
111011101110
111011101110
111011101110
111011101110
111011101110
111011101110
111011101110
111011101110
111011101110
111011101110
111011101110
111111111111
101010011001
111011101110
111011101110
111011101110
111011101110
111011101110
111011101110
111011101110
111011101110
111011101110
111011101110
111011101110
111011101110
111011101110
111011101110
111011101110
111011101110
111011101110
111011101110
111011101110
111011101110
111011101110
111111111111
101110101010
111011101110
111111111111
111111111111
111111111111
111111111111
111111111111
111111111111
111111111111
111111111111
111111111111
111111111111
100001110111
111111111111
111011101110
111011101110
111011101110
111011101110
111011101110
111011101110
111011101110
111011101110
111011101110
111011101110
111011101110
111011101110
111011101110
111011101110
111011101110
111011101110
111011101110
111011101110
111011101110
111011101110
111011101110
111011101110
111011101110
110111011110
111011101110
111011101110
110111011101
101110101010
111111111111
111011101110
111011101110
111011101110
111011101110
111011101110
111011101110
111011101110
111011101110
111011101110
111011101110
111011101110
111011101110
111011101110
111011101110
111011101110
111011101110
111011101110
111011101110
111011101110
111011111111
111011101110
101110111011
111011101111
111111111111
111111111111
111111111111
111111111111
111111111111
111111111111
111111111111
111111111111
111111111111
100010001000
111011101110
111111111111
111011101110
111011101110
111011101110
111011101110
111011101110
111011101110
111011101110
111011101110
111011101110
111011101110
111011101110
111011101110
111011101110
111011101110
111011101110
111011101110
111011101110
111011101110
111011101110
111011101110
111011101110
111011101110
111011101110
110111011110
111011101110
110111011110
100110011001
110111011110
110011011101
111011101110
111011101110
111011101110
111011101110
111011101110
111011101110
111011101110
111011101110
111011101110
111011101110
111011101110
111011101110
111011101110
111011101110
111011101110
111011101110
111011101110
111011101110
111011101110
111111111111
101010101010
111011111111
111011101110
111111111111
111111111111
111111111111
111111111111
111111111111
111111111111
111111111111
111111111111
101110101010
110011001100
111111111111
111011101110
111011101110
111011101110
111011101110
111011101111
111011101110
111011101110
111011101110
111011101110
111011101110
110111011101
110111011101
111011101110
111011101110
111011101110
111011101110
111011101110
111011101110
111011101110
111011101110
111011101110
111011101110
111011101110
110111011110
111011101110
110111101110
101111001101
101010101010
110011011110
110111011101
111011101110
111011101110
111011101110
111011101110
111011101110
111011101110
111011101110
111011101110
111011101110
111011101110
111011101110
111011101110
111011101110
111011101110
111011101110
111011101110
111011101110
111011101110
111011111111
110111011101
110010111100
111011101111
111011101110
111111111111
111111111111
111111111111
111111111111
111111111111
111111111111
111111111111
111011011101
100110001000
111111111111
111011101110
111011101110
111011101110
111011101110
111011101110
111011101110
111011101110
111011101110
111011101110
111011101110
111011101110
110010111100
111011101110
111011101110
111011101110
111011101110
111011101110
111011101110
111011101110
111011101110
111011101110
111011101110
111011101110
111011101110
110011011101
111011101110
110011011110
100110011001
110111011110
110011011101
110111101110
111011101110
111011101110
111011101110
111011101110
111011101110
111011101110
111011101110
111011101110
111011101110
111011101110
111011101110
111011101110
111011101110
111011101110
111011101110
111011101110
111011101110
111011101110
111111111111
101010101010
111111111111
111011101110
111011101110
111111111111
111111111111
111111111111
111111111111
111111111111
111111111111
111111111111
011101110111
111111111111
111011101110
111011101110
111011101110
111011101110
111011101110
111011101110
111011101110
111011101110
111011101110
111011101110
111011101110
110111011101
110011001100
110111101110
111011101110
111011101110
111011101110
111011101110
111011101110
111011101110
111011101110
111011101110
111011101110
111011101110
110111011110
110111011110
110111101110
110011001101
101010011001
110011011110
110011011101
111011101110
111011101110
111011101110
111011101110
111011101110
111011101110
111011101110
111011101110
111011101110
111011101110
111011101110
111011101110
111011101110
111011101110
111011101110
110111101110
111011101110
111011101110
111011101111
110111011101
110010111011
111011101111
111011101110
111011101110
111111111111
111111111111
111111111111
111111111111
111111111111
111111111111
100001110111
111011101110
111011111111
111011101110
111011101110
111011101110
111011101110
111011101110
111011101110
111011101110
111011101110
111011101110
111011101110
111011101110
101110111011
110111011110
111011101110
111011101110
111011101110
111011101110
111011101110
111011101110
111011101110
111011101110
111011101110
111011101110
111011101110
110011011101
111011101110
110011011110
100110011001
110011011101
110011011101
110111011110
111011101110
111011101110
111011101110
111011101110
111011101110
111011101110
111011101110
111011101110
111011101110
111011101110
111011101110
111011101110
111011101110
111011101110
110111011110
111011101110
111011101110
111011101110
111011101111
100110011001
111011101110
110011011101
111011101110
111011101110
111111111111
111111111111
111111111111
111111111111
111111111111
100110001000
110111011101
111111111111
111011101110
111011101110
111011101110
111011101110
111011101110
111011101110
111011101110
111011101110
111011101110
111011101110
111011101110
111011101110
101110111011
110011011110
111011101110
111011101110
111011101110
111011101110
111011101110
111011101110
111011101110
111011101110
111011101110
111011101110
111011101110
110011011101
110111101110
110011011110
100010001000
110011011110
110011011101
111011101110
111011101110
111011101110
111011101111
111011101110
111011101110
111011101110
111011101110
111011101110
111011101110
111011101110
111011101110
111011101110
111011101110
110011011101
110111101110
111011101110
111011101110
111011101110
110111011110
101110101011
110011011101
110011011101
111011101110
111011101110
111111111111
111111111111
111111111111
111111111111
100110001000
110011001100
111111111111
111011101110
111011101110
111011101110
111011101110
111011101110
111011101110
111011101110
111011101110
111011101110
111011101110
111011101110
111011101110
110011001100
110011001101
110111011110
111011101110
111011101110
111011101110
111011101110
111011101110
111011101110
111011101110
111011101110
111011101110
111011101110
110111011110
110111011110
110011011101
101010111011
101010111011
110011011101
110011011101
111011101110
111011101110
111011101110
111011101110
111011101110
111011101110
111011101110
111011101110
111011101110
111011101110
111011101110
111011101110
111011101110
110111011110
110111011110
111011101110
111011101110
111011101110
111011101110
100110011001
110111101110
110011011101
110011011101
111011101110
111011101110
111111111111
111111111111
111111111111
100110011001
110010111011
111111111111
111011101110
111011101110
111011101110
111011101110
111011101110
111011101110
111011101110
111011101110
111011101110
111011101110
111011101110
111011101110
111011101111
101110101010
110011011110
111011101110
111011101110
111011101110
111011101110
111011101110
111011101110
111011101110
111011101110
111011101110
111011101110
111011101110
110011011101
110111011110
110011011110
100010001000
110011011110
110011011101
110111011110
111011101110
110111101110
111011101110
111011101110
111011101110
111011101110
111011101110
111011101110
111011101110
111011101110
111011101110
111011101110
110111011110
110011011101
111011101110
111011101110
111011101110
111011101110
110011011110
100110011001
110011011110
110011011101
110011011101
111011101110
111011101110
111111111111
111111111111
101010011001
101110111011
111111111111
111011101110
111011101110
111011101110
111011101110
111011101110
111011101110
111011101110
111011101110
111011101110
111011101110
111011101110
111011101110
111011101110
111011101110
101010101010
110011011101
111011101110
111011101110
111011101110
111011101110
111011101110
111011101110
111011101110
111011101110
111011101110
111011101110
111011101110
110011011101
110011011101
110011011101
100010001001
110011011110
110011011101
111011101110
111011101110
110111101110
111011101110
111011101110
111011101110
111011101110
111011101110
111011101110
111011101110
111011101110
111011101110
110111101110
110011001101
111011101110
111011101110
111011101110
111011101110
110011011110
101010101010
110011001100
110011011101
110011011101
110111011110
111011101110
111011101110
111111111111
101010101010
101110101011
111111111111
111011101110
111011101110
111011101110
111011101110
111011101110
111011101110
111011101110
111011101110
111011101110
111011101110
111011101110
111011101110
111011101110
110111101110
101010111011
101111001100
110011011101
111011101110
111011101110
111011101110
111011101110
111011101110
111011101110
111011101110
111011101110
111011101110
111011101110
110111011110
110011011101
110011011101
100110011001
101111001101
110011011101
110011011101
111011101110
110111101110
111011101110
111011101110
111011101110
111011101110
111011101110
111011101110
111011101110
111011101110
111011101110
111011101110
110011001101
110011011101
111011101110
111011101110
111011101110
110111011110
110011011110
100010001000
110011011110
110011011101
110011011101
110111011110
111011111111
111011101110
101010101010
101110101010
111111111111
111011101110
111011101110
111011101110
111011101110
111011101110
111011101110
111011101110
111011101110
111011101110
111011101110
111011101110
111011101110
110111101110
110011011101
110011011101
100110011001
110011011110
110111011110
111011101110
111011101110
110111101110
111011101110
111011101110
111011101110
111011101110
111011101110
111011101110
111011101110
110011011101
110011011101
110011011110
100010001000
110011011110
110011011101
110111011110
111011101110
110111011110
111011101110
111011101110
111011101110
111011101110
111011101110
111011101110
111011101110
111011101110
111011101110
110011011101
110011001101
111011101110
111011101110
111011101110
110111101110
110011011101
110011011101
100110011001
110011011110
110011011101
110011011101
110111011110
111011101110
111011101110
101110111011
111111111111
111011101110
111011101110
111011101110
111011101110
111011101110
111011101110
111011101110
111011101110
111011101110
111011101110
111011101110
111011101110
110111011101
110011011101
110011011101
110011011110
100110011010
110011011101
110111011110
111011101110
111011101110
111011101110
111011101110
111011101110
111011101110
111011101110
111011101110
111011101110
111011101110
110011011101
110011011101
110011011101
100010001001
110011011110
110011011101
111011101110
110111101110
110111011110
111011101110
111011101110
111011101110
111011101110
111011101110
111011101110
111011101110
111011101110
110011011101
110011011101
110111011110
111011101110
111011101110
111011101110
110011011101
110011011110
100110011001
101111001100
110011011101
110011011101
110011011101
110111011110
111011101110
111011101110
111111111111
111011101110
111011101110
111011101110
111011101110
111011101110
111011101110
111011101110
111011101110
111011101110
111011101110
111011101110
110111011110
110011011101
110011011101
110011011101
110011011101
101111001100
101010111011
110011011101
110111101110
111011101110
110111011110
111011101110
111011101110
111011101110
111011101110
111011101110
111011101110
111011101110
111011101110
110011011101
110011011110
100110011001
110011001101
110011011101
110011011101
111011101110
110011011101
111011101110
111011101110
111011101110
111011101110
110111011101
110011001100
110011001100
110011001100
101010101011
100110011001
101010111011
110011001100
110111011101
111011101111
110111011110
110011011110
110111101110
011101100110
110111011110
110011011101
110011011101
110011011101
110111011110
111011101110
111011101110
111011101110
111011101110
111011101110
111011101110
111011101110
111011101110
111011101110
111011101110
111011101110
111011101110
110111101110
110011011101
110011011101
110011011101
110011011101
110011011101
110011011110
100110011010
110011011110
110011011101
111011101110
111011101110
110011011101
111011101110
111011101110
111011101110
111011101110
111011101110
111011101110
111011101110
110111101110
110011011101
110011011110
100010001000
110011011110
110011011101
110111011110
110111101110
110011011101
110011001100
101110111100
101110111011
101110111011
110010111100
110011001100
110111011101
101111001100
101010101011
101111001100
110011001100
110011001100
101110111011
100110011001
100110011001
100110011010
100010001000
100010001000
110111101110
110011011101
110011011101
110011011101
110111011110
111011101110
110111101110
111011101110
111011101110
110111011110
111011101110
111011101110
111011101110
111011101110
111011101110
111011101110
110111011101
110011011101
110011011101
110011011101
110011011101
110011011110
110011001101
101010111011
100110011001
110011011110
110011011101
111011101110
110111011110
110011011101
111011101110
111011101110
111011101110
111011101110
111011101110
111011101110
111011101110
110111011110
110011011101
110011011110
100010001000
110011011110
110011011101
110011001101
101110111100
101111001100
110111101110
111011101110
111011101110
111011101110
111011101110
111011101110
110011011101
101110111100
110011001101
110011011101
111011101110
111011101110
110111011110
110011011101
110011011110
110111101110
010000110011
100110011010
100110011001
101010101011
110011011110
110011011101
110011011101
111011101110
110111011110
110011011101
110111011110
111011101110
111011101110
111011101110
110111101110
110111011110
110011011101
110011011101
110011011101
110011011101
110011011101
110011011110
110011011101
100110011001
101010111011
110111011110
100110011001
110011011110
110011011101
111011101110
110011011101
110111011110
111011101110
111011101110
111011101110
111011101110
111011101110
111011101110
111011101110
110011011101
110011011101
101110111011
101010101011
110011011101
101111001101
110111011110
110011011101
110111101110
111011101110
111011101110
111011101110
111011101110
111011101110
110011011101
110011001101
101110111100
110011011101
110111011110
111011101110
110111011101
110011011101
110011011101
110011011110
100110011001
100001010100
110011101110
110011011110
101010111011
100110011010
110011011101
110011011101
111011101110
110011011101
110111101110
111011101110
110111011110
110011011101
110011011101
110011011101
110011011101
110011011101
110011011101
110011011110
110011011110
101110111100
101010101010
100110001000
101110111100
110111101110
101110111100
101010111011
110011011101
110011011101
111011101110
110011001101
110111011110
111011101110
111011101110
111011101110
111011101110
111011101110
111011101110
111011101110
110011011101
110011011110
100110001001
110011011101
110011011101
110011011101
110011011101
110011011101
111011101110
110111101110
111011101110
111011101110
111011101110
110011001101
110011011101
101110111011
110011011101
110011011101
111011101110
110111011101
110011001101
110011011101
110011011101
101111011101
101001010100
100110001000
110011011110
110011011101
101110111011
110011011110
110011011101
110011011101
111011101110
110011011101
110011011101
110011011101
110011011101
110011011101
110011011101
110011011110
110011011110
110011011101
101111001100
100110011010
101010101010
110111001100
111111111111
100110001000
111111111111
110111011110
100110011001
110011011110
110011011101
110011011101
110111011110
110011001101
110111101110
111011101110
111011101110
111011101110
111011101110
111011101110
111011101110
111011101110
110011011101
110011011110
100010001000
110011011110
110011011101
110011011101
110011011101
110011011101
110111101110
111011101110
111011101110
111011101110
110011011101
110011011101
101110111011
110011001101
110011001101
110111011110
110111011101
110011001101
110011011101
101110111011
110011001101
100101110111
110101100101
100110011010
110011011110
110011011101
101110111011
110011011101
110011011101
110011011101
110111011110
110011011101
110011011110
110011011110
110011011101
101111001101
101110111100
100110011010
100110011001
101010101010
110010111011
111111111111
111111111111
111111111111
110011001100
101110111011
111011101110
110011011110
100110011001
110011011110
110011011101
110011011101
110011011101
110011001101
111011101110
111011101110
111011101110
111011101110
111011101110
111011101110
111011101110
110111101110
110011011101
110011011110
100010001000
110011011110
110011011101
110011011101
110011001101
110111011101
110111011101
111011101110
111011101110
110011011101
110011011101
101111001100
110011001100
110011011101
110011011101
110011011101
110011001101
110011011101
101111001100
101010101011
101010111011
110001100101
101101100101
101011001100
110011011110
101110111011
110011001101
110011011101
110011011101
110011011101
110011011101
110011011101
101010011010
101010101010
101010101010
101110111011
110111001100
111111101110
111111111111
111111111111
111111111111
111111111111
111111111111
111111111111
100010001000
111011111111
110111011110
110011011110
100110011001
110011011110
110011011101
110011011101
110011011101
110011011101
111011101110
111011101110
111011101110
111011101110
111011101110
111011101110
111011101110
110111011110
110011011101
101111001100
100110011010
110011011110
110011011101
110011001101
110011001101
110011011101
110111011101
111011101110
110111011101
110011011101
110011001101
101110111100
110011011101
110011001101
110011011101
110011001101
110011011101
101110111100
100110011010
110011011110
101001100101
111001110110
101001100110
110011011101
110011011101
101010111011
110011011101
110011011101
110011011101
110011011101
110011011101
110011011101
111111111111
111111111111
111111111111
111111111111
111111111111
111111111111
111111111111
111111111111
111111111111
111111111111
111111111111
110111011101
101010101010
111011101111
110011011101
110011011110
100110011001
110011011110
110011011101
110011011101
110011011101
110011011101
111011101110
111011101110
111011101110
111011101110
111011101110
111011101110
111011101110
110111011110
110011011110
101010101010
101110111100
110011011101
110011001101
110011001101
110011001101
110011001101
111011101110
110111011101
110011011101
110011011101
101110111011
110011011101
110011001101
110011001101
110011001101
110111011110
101010101011
011101100110
110111101111
100101110111
110101110110
111010011000
100101110111
110011011110
110011011101
101010101011
110011011101
110011011101
110011011101
110011011101
110011011101
110011001101
111111111111
111111111111
111111111111
111111111111
111111111111
111111111111
111111111111
111111111111
111111111111
111111111111
111111111111
100001110111
111011111111
110011011101
110011011101
110011011110
100110101010
110011011110
110011011101
110011011101
110011011101
110011011101
111011101110
111011101110
111011101110
111011101110
111011101110
111011101110
111011101110
110111011110
110011011110
100110011001
110011011101
110011011101
110011001101
110011001101
110011001101
110011001101
111011011110
110011001101
110011011101
101010101011
110011011101
110011001101
110011001101
110011001101
110011011110
100110001001
100000110011
101111001101
101010011010
110101110110
111010011000
111110111010
100110001000
110011011101
110011011101
101010101011
110011011101
110011011101
110011011101
110011011101
110011011101
110011001101
111111111111
111111111111
111111111111
111111111111
111111111111
111111111111
111111111111
111111111111
111111111111
111111111111
110111001100
101010101010
110111101110
110011011101
110011011110
100001111000
101010111011
110011011101
110011011101
110011011101
110011011101
110011011101
111011101110
111011101110
111011101110
111011101110
111011101110
111011101110
111011101110
110111011110
110011011110
100110001001
110011011110
110011011101
110011001101
110011001101
110011001101
110111011101
110011001101
110011001101
101010101011
110011001101
110011001101
110011001101
110011011101
101110111100
100101100110
110101100110
100101110111
101110111100
101001100101
110110011000
111111001011
111111001011
100110011001
110011011101
110011011101
101010101011
110011011101
110011001101
110011011101
110011001101
110011011101
110011001101
111111111111
111111111111
111111111111
111111111111
111111111111
111111111111
111111111111
111111111111
111111111111
111111111111
011101110111
111011111111
110011011110
101010101011
100110001000
110111001100
101110111100
110011011101
110011011101
110011011101
110011011101
110011011101
111011101110
111011101110
111011101110
111011101110
111011101110
111011101110
111011101110
110111011110
110011011110
100010001000
110011011110
110011001101
110011001101
110011001101
110011001101
110011001101
110011001101
101110111011
101110111011
110011001101
110011011101
110011011101
100110001000
110001100110
111010011000
101101100101
101010111011
101001100110
111110111010
111010111011
110110111010
110010011001
101010101010
110011011101
101110111100
101110111100
110011011101
110011001101
110011001101
110011001101
110011001101
110011001101
111111111111
111111111111
111111111111
111111111111
111111111111
111111111111
111111111111
111111111111
111111111111
100110011001
110111011101
101111001101
100001111000
110011001100
111111111111
110010111011
101111001100
110011011101
110011011101
110011011101
110011011101
110011011101
111011101110
111011101110
111011101110
111011101110
111011101110
111011101110
111011101110
110011011101
110011011110
100010001000
110011011101
110011001101
110011001101
110011001101
110011001101
110011001101
110011001101
101010011001
110111011101
110011011101
101110101010
100101010101
100001000100
010100110011
001000010001
010101000101
011001010101
001000010001
001100010010
011001010101
101010001000
110110111010
101110111011
110011011101
101110111011
110011001100
110011001101
110011001101
110011001101
110011001101
110011001101
110011001101
111111111111
111111111111
111111111111
111111111111
111111111111
111111111111
111111111111
111111111111
110011001100
100110011001
100110011001
101010101010
111111111111
111111111111
111111111111
110010111011
110011001101
110011011101
110011011101
110011011101
110011011101
110011011101
111011101110
110111101110
111011101110
111011101110
111011101110
111011101110
111011101110
110011011101
110011011110
100110001000
110011011101
110011001101
110011001101
110011001101
110011001101
110111011101
100110011001
110011011101
101110101010
100101100110
010000100010
001100010010
001100100010
001100100010
001100100010
010101000100
001100010010
001100100010
001100100010
001100010010
001000010001
001100010010
101111001100
110011001101
101110111011
110011001100
110011001101
110011001101
110011001101
110011001101
110011001101
110011001101
111111111111
111111111111
111111111111
111111111111
111111111111
111111111111
111111111111
110111011101
011001010101
110010111011
111111111111
111111111111
111111111111
111111111111
111111111111
101110111011
110011001101
110011011101
110011011101
110011011101
110011011101
110011011101
111011101110
110111101110
111011101110
111011101110
111011101110
111011101110
111011101110
110011011101
110011001101
100110001001
110011011101
110011001101
110011001101
110011001101
110011001101
101010101010
100001110111
110001110111
100101010100
001000010001
001100100010
001100100010
001100100010
010000100010
001100100010
001100100010
010000100010
010000100010
010000100010
010000100010
001100010010
010000100010
101111001100
101111001100
101010101010
110011001100
110011001101
110011001101
110011001101
110011001101
110011001101
110011001101
111111111111
111111111111
111111111111
111111111111
111111111111
111111111111
111111111111
110111011101
111111111111
111111111111
111111111111
111111111111
111111111111
111111111111
111111111111
110010111011
110011001101
110011011101
110011011101
110011011101
110011011101
110011011101
111011101110
110111101110
111011101110
111011101110
111011101110
111011101110
111011101110
110011011101
101111001100
100110011001
110011011101
110011001101
110011001101
110011001101
110011001101
100001010101
111010001000
100001000100
001000010010
001100100010
001100100010
010000100010
001100100010
001000010001
000100010001
000100010001
000100010001
000100010001
000100010001
000100010001
011001010101
001100100010
101111001100
101110111100
100110011001
110011001100
110011001100
110011001101
110011001101
110011001101
110011001101
110011001101
111111111111
111111111111
111111111111
111111111111
111111111111
111111111111
111111111111
111111111111
111111111111
111111111111
111111111111
111111111111
111111111111
111111111111
111111111111
110010111011
101111001100
110011011101
110011011101
110011011101
110011011101
110011011101
111011101110
110111011110
111011101110
111011101110
111011101110
111011101110
111011101110
110011011101
101110111100
101010101010
110011011101
110011001101
110011001101
110111011101
100001110111
111010001000
011101000100
001000010010
001100100010
010000100010
001100100010
000100010001
000000010001
000000010001
000000010001
000000010001
000000010001
000000010001
000000010001
000000000000
110011001101
100110011001
101010111011
101110111011
100110011001
101110111100
110011001100
110011001100
110011001100
110011001100
110011001100
110011001100
