110011011101
110011011101
110011011101
110011011101
110011011101
110011011101
110011011101
110011011101
110011011101
110011001101
100110011010
100001110111
100001110111
101110111011
111111111111
111111111111
111111111111
111111111111
111111111111
111111111111
111111111111
111111111111
111111111111
111111111111
111111111111
111111111111
111111111111
111111111111
111111111111
111111111111
111111111111
111111111111
111111111111
111111111111
111111111111
111111111111
111111111111
111111111111
111111111111
111111111111
111111111111
111111111111
111111111111
111111111111
111111111111
111111111111
111111111111
111111111111
111111111111
111111111111
111111111111
111111111111
111111111111
111111111111
111111111111
111111111111
111111111111
111111111111
111111111111
111111111111
111111111111
111111111111
111111111111
111111111111
110011011101
110011011101
110011011101
110011011101
110011011101
110011011101
110011011101
110011011101
110011011101
110011011101
110011011110
110011011110
110111011110
101010111011
100001111000
100110011001
110111001100
111111111111
111111111111
111111111111
111111111111
111111111111
111111111111
111111111111
111111111111
111111111111
111111111111
111111111111
111111111111
111111111111
111111111111
111111111111
111111111111
111111111111
111111111111
111111111111
111111111111
111111111111
111111111111
111111111111
111111111111
111111111111
111111111111
111111111111
111111111111
111111111111
111111111111
111111111111
111111111111
111111111111
111111111111
111111111111
111111111111
111111111111
111111111111
111111111111
111111111111
111111111111
111111111111
111111111111
111111111111
111111111111
111111111111
111111111111
110011011101
110011011101
110011011101
110011011101
110011011101
110011011101
110011011101
110011011101
110011011101
110011011101
110011011101
110011011101
110011011101
110011011101
110011011110
110011011110
101010111100
100110011010
101110101010
111011101110
111111111111
111111111111
111111111111
111111111111
111111111111
111111111111
111111111111
111111111111
111111111111
111111111111
111111111111
111111111111
111111111111
111111111111
111111111111
111111111111
111111111111
111111111111
111111111111
111111111111
111111111111
111111111111
111111111111
111111111111
111111111111
111111111111
111111111111
111111111111
111111111111
111111111111
111111111111
111111111111
111111111111
111111111111
111111111111
111111111111
111111111111
111111111111
111111111111
111111111111
111111111111
111111111111
111111111111
111111111111
111011101110
111011101110
110111101110
110011011101
110011011101
110011011101
110011011101
110011011101
110011011101
110011011101
110011011101
110011011101
110011011101
110011011101
110011011101
110011011101
110011011101
110011011110
110011011101
100110011001
101010011001
111111101110
111111111111
111111111111
111111111111
111111111111
111111111111
111111111111
111111111111
111111111111
111111111111
111111111111
111111111111
111111111111
111111111111
111111111111
111111111111
111111111111
111111111111
111111111111
111111111111
111111111111
111111111111
111111111111
111111111111
111111111111
111111111111
111111111111
111111111111
111111111111
111111111111
111111111111
111111111111
111111111111
111111111111
111111111111
111111111111
111111111111
111111111111
111111111111
111111111111
111111111111
111111111111
111111111111
111011101110
111011101110
111011101110
111011101110
111011101110
110111011110
110011011101
110011011101
110011011101
110011011101
110011011101
110011011101
110011011101
110011011101
110011011101
110011011101
110011011101
110011011101
110011011101
110011011110
110011011101
100110011001
101110101010
111111111111
111111111111
111111111111
111111111111
111111111111
111111111111
111111111111
111111111111
111111111111
111111111111
111111111111
111111111111
111111111111
111111111111
111111111111
111111111111
111111111111
111111111111
111111111111
111111111111
111111111111
111111111111
111111111111
111111111111
111111111111
111111111111
111111111111
111111111111
111111111111
111111111111
111111111111
111111111111
111111111111
111111111111
111111111111
111111111111
111111111111
111111111111
111111111111
111111111111
111111111111
110111101110
110111101110
110111011110
110111011110
110111011101
110111011110
110011011101
110111011101
110111011110
110011011101
110011011101
110011011101
110011011101
110011011101
110011011101
110011011101
110011011101
110011011101
110011011101
110011011101
110011011101
110011011110
101111001100
100010001000
110111011101
111111111111
111111111111
111111111111
111111111111
111111111111
111111111111
111111111111
111111111111
111111111111
111111111111
111111111111
111111111111
111111111111
111111111111
111111111111
111111111111
111111111111
111111111111
111111111111
111111111111
111111111111
111111111111
111111111111
111111111111
111111111111
111111111111
111111111111
111111111111
111111111111
111111111111
111111111111
111111111111
111111111111
111111111111
111111111111
111111111111
111111111111
111111111111
111111111111
110111101110
110111011110
110111011110
110111011110
110111011110
110111011110
110111011110
101110111100
100110101010
101010111011
110011011101
110011011101
110011011101
110011011101
110011011101
110011011101
110011011101
110011011101
110011011101
110011011101
110011011101
110011011101
110011011101
110011011110
100110101010
101010011001
111111111111
111111111111
111111111111
111111111111
111111111111
111111111111
111111111111
111111111111
111111111111
111111111111
111111111111
111111111111
111111111111
111111111111
111111111111
111111111111
111111111111
111111111111
111111111111
111111111111
111111111111
111111111111
111111111111
111111111111
111111111111
111111111111
111111111111
111111111111
111111111111
111111111111
111111111111
111111111111
111111111111
111111111111
111111111111
111111111111
111111111111
111111111111
111011101110
111011101110
111011101110
111011101110
111011101110
111011101110
111011101110
111111111111
110011001100
011101110111
110011011101
110011011101
110011011101
110011011101
110011011101
110011011101
110011011101
110011011101
110011011101
110011011101
110011011101
110011011101
110011011101
110011011101
110011011110
110011001101
100010001000
110111001100
111111111111
111111111111
111111111111
111111111111
111111111111
111111111111
111111111111
111111111111
111111111111
111111111111
111111111111
111111111111
111111111111
111111111111
111111111111
111111111111
111111111111
111111111111
111111111111
111111111111
111111111111
111111111111
111111111111
111111111111
111111111111
111111111111
111111111111
111111111111
111111111111
111111111111
111111111111
111111111111
111111111111
111111111111
111111111111
111111111111
111011101110
111011101110
111011101110
111011101110
111011101110
111011101110
111011101111
101010101010
100001110111
110011011101
110011011110
110011011101
110011011101
110011011101
110011011101
110011011101
110011011101
110011011101
110011011101
110011011101
110011011101
110011011101
110011011101
110011011101
110011011101
110011011101
110011011110
101010101010
100110011001
111111111111
111111111111
111111111111
111111111111
111111111111
111111111111
111111111111
111111111111
111111111111
111111111111
111111111111
111111111111
111111111111
111111111111
111111111111
111111111111
111111111111
111111111111
111111111111
111111111111
111111111111
111111111111
111111111111
111111111111
111111111111
111111111111
111111111111
111111111111
111111111111
111111111111
111111111111
111111111111
111111111111
111111111111
111111111111
111011101110
111011101110
111011101110
111011101110
111011101110
111011101110
111011101110
111011101111
110111101110
101110111100
101010101011
110011001101
110011011101
110011011101
110011011101
110011011101
110011011101
110011011101
110011011101
110011011101
110011011101
110011011101
110011011101
110011011101
110011011101
110011011101
110011011101
110011011110
110011011101
100001111000
111011101110
111111111111
111111111111
111111111111
111111111111
111111111111
111111111111
111111111111
111111111111
111111111111
111111111111
111111111111
111111111111
111111111111
111111111111
111111111111
111111111111
111111111111
111111111111
111111111111
111111111111
111111111111
111111111111
111111111111
111111111111
111111111111
111111111111
111111111111
111111111111
111111111111
111111111111
111111111111
111111111111
111111111111
111011101110
111011101110
111011101110
111011101110
111011101110
111011101110
110111101110
110011011101
110011011101
110111101110
110111101110
110011011101
101010111011
101111001100
110011011110
110011011101
110011011101
110011011101
110011011101
110011011101
110011011101
110011011101
110011011101
110011011101
110011011101
110011011101
110011011101
110011011101
110011011101
110111011110
100110011001
110010111011
111111111111
111111111111
111111111111
111111111111
111111111111
111111111111
111111111111
111111111111
111111111111
111111111111
111111111111
111111111111
111111111111
111111111111
111111111111
111111111111
111111111111
111111111111
111111111111
111111111111
111111111111
111111111111
111111111111
111111111111
111111111111
111111111111
111111111111
111111111111
111111111111
111111111111
111111111111
111111111111
111011101110
111011101110
111011101110
111011101110
110111011110
110011011101
110011011101
110111101110
111011101110
111011101110
111011101110
111011101110
110011011101
101010111011
101010101010
110011011101
110011011101
110011011101
110011011101
110011011101
110011011101
110011011101
110011011101
110011011101
110011011101
110011011101
110011011101
110011011101
110011011101
110011011101
110011011110
101010101011
101010101010
111111111111
111111111111
111111111111
111111111111
111111111111
111111111111
111111111111
111111111111
111111111111
111111111111
111111111111
111111111111
111111111111
111111111111
111111111111
111111111111
111111111111
111111111111
111111111111
111111111111
111111111111
111111111111
111111111111
111111111111
111111111111
111111111111
111111111111
111111111111
111111111111
111111111111
111111111111
111011101110
111011101110
110011011101
110011001101
110111011110
111011101110
111011101110
111011101110
111011101110
111011101110
111011101110
111011101110
110111011110
110011011101
110011011101
100110011010
101111001100
110011011110
110011011101
110011011101
110011011101
110011011101
110011011101
110011011101
110011011101
110011011101
110011011101
110011011101
110011011101
110011011101
110011011101
110011011110
101110111100
100110011001
111111111111
111111111111
111111111111
111111111111
111111111111
111111111111
111111111111
111111111111
111111111111
111111111111
111111111111
111111111111
111111111111
111111111111
111111111111
111111111111
111111111111
111111111111
111111111111
111111111111
111111111111
111111111111
111111111111
111111111111
111111111111
111111111111
111111111111
111111111111
111111111111
111111111111
110111011110
110011011101
110111011110
111011101110
111011101110
111011101110
111011101110
111011101110
111011101110
111011101110
111011101110
111011101110
111011101110
110011011101
110111011110
110011011110
101010101010
101010101010
110011011110
110011011101
110011011101
110011011101
110011011101
110011011101
110011011101
110011011101
110011011101
110011011101
110011011101
110011011101
110011011101
110011011101
110011011101
101111001101
100110001000
111111111111
111111111111
111111111111
111111111111
111111111111
111111111111
111111111111
111111111111
111111111111
111111111111
111111111111
111111111111
111111111111
111111111111
111111111111
111111111111
111111111111
111111111111
111111111111
111111111111
111111111111
111111111111
111111111111
111111111111
111111111111
111111111111
111111111111
111111111111
111111111111
110011011101
111011101110
111011101110
111011101110
111011101110
111011101110
111011101110
111011101110
111011101110
111011101110
111011101110
111011101110
111011101110
110111101110
110011011101
111011101110
110011011110
101111001100
100110011001
110011011110
110011011101
110011011101
110011011101
110011011101
110011011101
110011011101
110011011101
110011011101
110011011101
110011011101
110011011101
110011011101
110011011101
110011011101
110011011101
100010001000
111111111111
111111111111
111111111111
111111111111
111111111111
111111111111
111111111111
111111111111
111111111111
111111111111
111111111111
111111111111
111111111111
111111111111
111111111111
111111111111
111111111111
111111111111
111111111111
111111111111
111111111111
111111111111
111111111111
111111111111
111111111111
111111111111
111111111111
111111111111
111011101110
111011101110
111011101110
111011101110
111011101110
111011101110
111011101110
111011101110
111011101110
111011101110
111011101110
111011101110
111011101110
111011101110
110011011101
110111011110
111011101110
110011011101
110011011101
100010001000
110011011101
110011011101
110011011101
110011011101
110011011101
110011011101
110011011101
110011011101
110011011101
110011011101
110011011101
110011011101
110011011101
110011011101
110011011101
110011011110
100010001000
111111111110
111111111111
111111111111
111111111111
111111111111
111111111111
111111111111
111111111111
111111111111
111111111111
111111111111
111111111111
111111111111
111111111111
111111111111
111111111111
111111111111
111111111111
111111111111
111111111111
111111111111
111111111111
111111111111
111111111111
111111111111
111111111111
111111111111
111011101110
111011101110
111011101110
111011101110
111011101110
111011101110
111011101110
111011101110
111011101110
111011101110
111011101110
111011101110
111011101110
111011101110
111011101110
110011011101
111011101110
111011101110
110011011101
110011011110
100010001000
110011001101
110011011101
110011011101
110011011101
110011011101
110011011101
110011011101
110011011101
110011011101
110011011101
110011011101
110011011101
110011011101
110011011101
110011011101
110011011110
100001111000
111011101110
111111111111
111111111111
111111111111
111111111111
111111111111
111111111111
111111111111
111111111111
111111111111
111111111111
111111111111
111111111111
111111111111
111111111111
111111111111
111111111111
111111111111
111111111111
111111111111
111111111111
111111111111
111111111111
111111111111
111111111111
111111111111
111011101110
111011101110
111011101110
111011101110
111011101110
111011101110
111011101110
111011101110
111011101110
111011101110
111011101110
111011101110
111011101110
111011101110
111011101110
110111011110
110111011110
111011101110
111011101110
110011011101
110111101110
100010001000
110011001101
110011011101
110011011101
110011011101
110011011101
110011011101
110011011101
110011011101
110011011101
110011011101
110011011101
110011011101
110011011101
110011011101
110011011101
110111011110
100010001000
111011101110
111111111111
111111111111
111111111111
111111111111
111111111111
111111111111
111111111111
111111111111
111111111111
111111111111
111111111111
111111111111
111111111111
111111111111
111111111111
111111111111
111111111111
111111111111
111111111111
111111111111
111111111111
111111111111
111111111111
111111111111
111011101110
111011101110
111011101110
111011101110
111011101110
111011101110
111011101110
111011101110
111011101110
111011101110
111011101110
111011101110
111011101110
111011101110
111011101110
111011101110
110011011101
111011101110
111011101110
110111101110
110011011101
110111101110
100010001000
110011001101
110011011101
110011011101
110011011101
110011011101
110011011101
110011011101
110011011101
110011011101
110011011101
110011011101
110011011101
110011011101
110011011101
110011011101
110111011110
100010001000
111011101110
111111111111
111111111111
111111111111
111111111111
111111111111
111111111111
111111111111
111111111111
111111111111
111111111111
111111111111
111111111111
111111111111
111111111111
111111111111
111111111111
111111111111
111111111111
111111111111
111111111111
111111111111
111111111111
111111111111
111011101110
111011101110
111011101110
111011101110
111011101110
111011101110
111011101110
111011101110
111011101110
111011101110
111011101110
111011101110
111011101110
111011101110
111011101110
111011101110
110111011110
110111011110
111011101110
111011101110
110111101110
110011011101
110111101110
100001111000
110011011101
110011011101
110011011101
110011011101
110011011101
110011011101
110011011101
110011011101
110011011101
110011011101
110011011101
110011011101
110011011101
110011011101
110011011101
110011011110
100010001000
111011101110
111111111111
111111111111
111111111111
111111111111
111111111111
111111111111
111111111111
111111111111
111111111111
111111111111
111111111111
111111111111
111111111111
111111111111
111111111111
111111111111
111111111111
111111111111
111111111111
111111111111
111111111111
111111111111
111011101110
111011101110
111011101110
111011101110
111011101110
111011101110
111011101110
111011101110
111011101110
111011101110
111011101110
111011101110
111011101110
111011101110
111011101110
111011101110
111011101110
110011011101
111011101110
111011101110
111011101110
110111011110
110011011101
110111101110
100001111000
110011011110
110011011101
110011011101
110011011101
110011011101
110011011101
110011011101
110011011101
110011011101
110011011101
110011011101
110011011101
110011011101
110011011101
110011011101
110011011110
100010001000
111011101110
111111111111
111111111111
111111111111
111111111111
111111111111
111111111111
111111111111
111111111111
111111111111
111111111111
111111111111
111111111111
111111111111
111111111111
111111111111
111111111111
111111111111
111111111111
111111111111
111111111111
111111111111
111011101110
111011101110
111011101110
111011101110
111011101110
111011101110
111011101110
111011101110
111011101110
111011101110
111011101110
111011101110
111011101110
111011101110
111011101110
111011101110
111011101110
110111011110
110111101110
111011101110
111011101110
111011101110
110111011110
110011011110
110011001101
100010001001
110011011110
110011011101
110011011101
110011011101
110011011101
110011011101
110011011101
110011011101
110011011101
110011011101
110011011101
110011011101
110011011101
110011011101
110011011101
110011011110
100010001000
111111111111
111111111111
111111111111
111111111111
111111111111
111111111111
111111111111
111111111111
111111111111
111111111111
111111111111
111111111111
111111111111
111111111111
111111111111
111111111111
111111111111
111111111111
111111111111
111111111111
111111111111
111011101110
111011101110
111011101110
111011101110
111011101110
111011101110
111011101110
111011101110
111011101110
111011101110
111011101110
111011101110
111011101110
111011101110
111011101110
111011101110
111011101110
111011101110
110111011110
111011101110
111011101110
111011101110
111011101110
110011011101
110111101110
101010101011
101010101010
110011011110
110011011101
110111011110
110011011101
110011011101
110011011101
110011011101
110011011101
110011011101
110011011101
110011011101
110011011101
110011011101
110011011101
110011011101
110011011101
100110001000
111111111111
111111111111
111111111111
111111111111
111111111111
111111111111
111111111111
111111111111
111111111111
111111111111
111111111111
111111111111
111111111111
111111111111
111111111111
111111111111
111111111111
111111111111
111111111111
111111111111
111011101110
111011101110
111011101110
111011101110
111011101110
111011101110
111011101110
111011101110
111011101110
111011101110
111011101110
111011101110
111011101110
111011101110
111011101110
111011101110
111011101110
111011101110
110111101110
111011101110
111011101110
111011101110
111011101110
111011101110
110011011101
111011101111
100010001000
101111001101
110011011101
111011101110
110011011101
110011011101
110011011101
110011011101
110011011101
110011011101
110011011101
110011011101
110011011101
110011011101
110011011101
110011011101
110011011101
101111001101
101010011001
111111111111
111111111111
111111111111
111111111111
111111111111
111111111111
111111111111
111111111111
111111111111
111111111111
111111111111
111111111111
111111111111
111111111111
111111111111
111111111111
111111111111
111111111111
111111111111
111011101110
111011101110
111011101110
111011101110
111011101110
111011101110
111011101110
111011101110
111011101110
111011101110
111011101110
111011101110
111011101110
111011101110
111011101110
111011101110
111011101110
111011101110
111011101110
110111101110
111011101110
111011101110
111011101110
111011101110
111011101110
110011011110
111011101110
100001110111
110011011110
110011011101
111011101110
110011011101
110011011101
110011011101
110011011101
110011011101
110011011101
110011011101
110011011101
110011011101
110011011101
110011011101
110011011101
110011011110
101010111011
101110111011
111111111111
111111111111
111111111111
111111111111
111111111111
111111111111
111111111111
111111111111
111111111111
111111111111
111111111111
111111111111
111111111111
111111111111
111111111111
111111111111
111111111111
111111111111
111011101110
111011101110
111011101110
111011101110
110111101110
111011101110
111011101110
111011101110
111011101110
111011101110
111011101110
111011101110
111011101110
111011101110
111011101110
111011101110
111011101110
111011101110
111011101110
110111101110
111011101110
111011101110
111011101110
111011101110
111011101110
110111101110
110111101110
110111011101
100110011001
110011011110
110111101110
111011101110
110011011101
110011011101
110011011101
110011011101
110011011101
110011011101
110011011101
110011011101
110011011101
110011011101
110011011101
110011011101
110011011110
100110011010
110111011101
111111111111
111111111111
111111111111
111111111111
111111111111
111111111111
111111111111
111111111111
111111111111
111111111111
111111111111
111111111111
111111111111
111111111111
111111111111
111111111111
111111111111
111011101110
111011101110
111011101110
110111101110
111011101110
111011101110
111011101110
111011101110
111011101110
111011101110
111011101110
111011101110
111011101110
111011101110
111011101110
111011101110
111011101110
111011101110
111011101110
111011101110
111011101110
111011101110
111011101110
111011101110
111011101110
111011101110
110111101110
111011111111
100110011001
101111001101
110011011101
111011101110
110111101110
110011011101
110011011101
110011011101
110011011101
110011011101
110011011101
110011011101
110011011101
110011011101
110011011101
110011011101
110011011101
110111011110
100010001000
111111111111
111111111111
111111111111
111111111111
111111111111
111111111111
111111111111
111111111111
111111111111
111111111111
111111111111
111111111111
111111111111
111111111111
111111111111
111111111111
111111111111
111011101110
111011101110
110111101110
110111011110
111011101110
111011101110
111011101110
111011101110
111011101110
111011101110
111011101110
111011101110
111011101110
110111101110
111011101110
111011101110
111011101110
111011101110
111011101110
111011101110
111011101110
111011101110
111011101110
111011101110
111011101110
111011101110
111011101110
110111101110
111111111111
011101110111
110011011110
110111101110
111011101110
110111011110
110011011101
110011011101
110011011101
110011011101
110011011101
110011011101
110011011101
110011011101
110011011101
110011011101
110011011101
110011011101
110011011110
100010001000
111111111111
111111111111
111111111111
111111111111
111111111111
111111111111
111111111111
111111111111
111111111111
111111111111
111111111111
111111111111
111111111111
111111111111
111111111111
111111111111
111011101110
110111101110
110011011101
111011101110
111011101110
111011101110
111011101110
111011101110
111011101110
111011101110
111011101110
111011101110
111011101110
110111101110
111011101110
111011101110
111011101110
111011101110
111011101110
111011101110
111011101110
111011101110
111011101110
111011101110
111011101110
111011101110
111011101110
111011101110
111011101110
110011001100
100110101010
110111011110
111011101110
111011101110
110111011110
110011011101
110011011101
110011011101
110011011101
110011011101
110011011101
110011011101
110011011101
110011011101
110011011101
110011011101
110011011101
101111001100
101010101010
111111111111
111111111111
111111111111
111111111111
111111111111
111111111111
111111111111
111111111111
111111111111
111111111111
111111111111
111111111111
111111111111
111111111111
111111111111
111011101110
101010101010
110111011110
111011101110
111011101110
111011101110
111011101110
111011101110
111011101110
111011101110
111011101110
111011101110
111011101110
110111101110
111011101110
111011101110
111011101110
111011101110
111011101110
111011101110
111011101110
111011101110
111011101110
111011101110
111011101110
111011101110
111011101110
111011101110
111011101110
111111111111
100001110111
110011011110
111011101110
111011101110
111011101110
110111101110
110011011101
110011011101
110011011101
110011011101
110011011101
110011011101
110011011101
110011011101
110011011101
110011011101
110011011101
110011011110
100110011010
111011011101
111111111111
111111111111
111111111111
111111111111
111111111111
111111111111
111111111111
111111111111
111111111111
111111111111
111111111111
111111111111
111111111111
111111111111
101010101010
110011011101
111011101110
111011101110
111011101110
111011101110
111011101110
111011101110
111011101110
111011101110
111011101110
111011101110
111011101110
110111101110
110111011110
111011101110
111011101110
111011101110
111011101110
111011101110
111011101110
111011101110
111011101110
111011101110
111011101110
111011101110
111011101110
111011101110
111011101110
111011101110
110111011101
100010001001
110111101110
111011101110
111011101110
111011101110
110111101110
110011011101
110011011101
110011011101
110011011101
110011011101
110011011101
110011011101
110011011101
110011011101
110011011101
110011011101
110011011110
100110001000
111111111111
111111111111
111111111111
111111111111
111111111111
111111111111
111111111111
111111111111
111111111111
111111111111
111111111111
111111111111
111111111111
111111111111
110011001101
110111101110
111011101110
111011101110
111011101110
111011101110
111011101110
111011101110
111011101110
111011101110
111011101110
111011101110
111011101110
111011101110
110011011101
111011101110
111011101110
111011101110
111011101110
111011101110
111011101110
111011101110
111011101110
111011101110
111011101110
111011101110
111011101110
111011101110
111011101110
111011101110
111011111111
100010001000
110011011110
111011101110
111011101110
111011101110
111011101110
110111011110
110011011101
110011011101
110011011101
110011011101
110011011101
110111101110
110011011101
110011011101
110011011101
110011011101
110011011101
101110111100
110010111011
111111111111
111111111111
111111111111
111111111111
111111111111
111111111111
111111111111
111111111111
111111111111
111111111111
111111111111
111111111111
111111111111
111011111111
111011101111
111011101110
111011101110
111011101110
111011101110
111011101110
111011101110
111011101110
111011101110
111011101110
111011101110
111011101110
111011101110
110011011101
111011101110
111011101110
111011101110
111011101110
111011101110
111011101110
111011101110
111011101110
111011101110
111011101110
111011101110
111011101110
111011101110
111011101110
111011101110
111011101110
110111011110
100010001001
111011101110
111011101110
111011101110
111011101110
111011101110
110011011101
110011011101
110011011101
110011011101
110011011101
111011101110
110011011101
110011011101
110011011101
110011011101
110011011101
110011011110
100110011001
111111111111
111111111111
111111111111
111111111111
111111111111
111111111111
111111111111
111111111111
111111111111
111111111111
111111111111
111111111111
111111111111
111011101110
111011101110
111011101110
111011101110
111011101110
111011101110
111011101110
111011101110
111011101110
111011101110
111011101110
111011101110
111011101110
111011101110
110111101110
111011101110
111011101110
111011101110
111011101110
111011101110
111011101110
111011101110
111011101110
111011101110
111011101110
111011101110
111011101110
111011101110
111011101110
111011101110
111011101110
111011111111
100110001001
110111011110
111011101110
111011101110
111011101110
111011101110
111011101110
110111011110
110011011101
110011011101
110011011101
110011011101
110011011101
110011011101
110011011101
110011011101
110011011101
110011011101
110011001101
101110101010
111111111111
111111111111
111111111111
111111111111
111111111111
111111111111
111111111111
111111111111
111111111111
111111111111
111111111111
111111111111
111011101110
111011101110
111011101110
111011101110
111011101110
111011101110
111011101110
111011101110
111011101110
111011101110
111011101110
111011101110
111011101110
111011101110
111011101110
110011001100
111111111111
111011101110
111011101110
111011101110
111011101110
111011101110
111011101110
111011101110
111011101110
111011101110
111011101110
111011101110
111011101110
111011101110
111011101110
111011101110
110111011101
100110011010
111011101110
111011101110
111011101110
111011101110
111011101110
111011111111
110111101110
110011011101
110011011101
110011011101
110011011101
110011011101
110011011101
110011011101
110011011101
110011011101
110011011110
101010101010
111111111111
111111111111
111111111111
111111111111
111111111111
111111111111
111111111111
111111111111
111111111111
111111111111
111111111111
111111111111
111011101110
111011101110
111011101110
111011101110
111011101110
111011101110
111011101110
111011101110
111011101110
111011101110
111011101110
111011101110
111011101110
111011101110
111011101110
110011001100
111111111111
111011101110
111011101110
111011101110
111011101110
111011101110
111011101110
111011101110
111011101110
111011101110
111011101110
111011101110
111011101110
111011101110
111011101110
111011101110
111111111111
101010011001
111011111111
111011101110
111011101110
111111111111
110011001100
100110011001
100110001001
101110111100
110111101111
110111011110
110011011101
110011011101
110011011101
110011011101
110011011101
110011011101
110011011101
110111011101
101110101010
111111111111
111111111111
111111111111
111111111111
111111111111
111111111111
111111111111
111111111111
111111111111
111111111111
111111111111
111011101110
111011101110
111011101110
111011101110
111011101110
111011101110
111011101110
111011101110
111011101110
111011101110
111011101110
111011101110
111011101110
111011101110
111011101111
110011001100
111111111111
111011101110
111011101110
111011101110
111011101110
111011101110
111011101110
111011101110
111011101110
111011101110
111011101110
111011101110
111011101110
111011101110
111011101110
111011101110
111111111111
110011001100
110011001100
111111111111
111111111111
100001110111
011101100110
010101010101
001100100010
001000010001
010101000100
111011101110
111111111111
111011101110
111011101110
111011101110
111011101110
111011101110
110111101110
111011101110
101010011010
111111111111
111111111111
111111111111
111111111111
111111111111
111111111111
111111111111
111111111111
111111111111
111111111111
111111111111
111011101110
111011101110
111011101110
111011101110
111011101110
111011101110
111011101110
111011101110
111011101110
111011101110
111011101110
111011101110
111011101110
111011101110
111011101110
110111011101
110111011101
111011111111
111011101110
111011101110
111011101110
111011101110
111011101110
111011101110
111011101110
111011101110
111011101110
111011101110
111011101110
111011101110
111011101110
111011101110
111011101110
111111111111
101010101010
111111111111
100001110111
010101010101
001000100010
001100110011
001100110011
001100110011
001000100010
001100100010
110111011101
111011101111
111011101110
111011101110
111011101110
111011101110
111011101110
111011101110
110111011101
101110111011
111111111111
111111111111
111111111111
111111111111
111111111111
111111111111
111111111111
111111111111
111111111111
111111111111
111011101110
111011101110
111011101110
111011101110
111011101110
111011101110
111011101110
111011101110
111011101110
111011101110
111011101110
111011101110
111011101110
111011101110
111011101110
110111011110
110011001100
111111111111
111011101110
111011101110
111011101110
111011101110
111011101110
111011101110
111011101110
111011101110
111011101110
111011101110
111011101110
111011101110
111011101110
111011101110
111011101110
111111111111
110011001100
110011001100
010101000100
001000100010
001100110011
001100110011
001000100010
001100110011
100110011001
110011001100
011001010101
111011101110
111011101110
111011101110
111011101110
111011101110
111011101110
111011101110
111011111111
101010011001
111111111111
111111111111
111111111111
111111111111
111111111111
111111111111
111111111111
111111111111
111111111111
111111111111
111011101110
111011101110
111011101110
111011101110
111011101110
111011101110
111011101110
111011101110
111011101110
111011101110
111011101110
111011101110
111011101110
111011101110
111011101110
111011101111
110010111011
111111111111
111011101110
111011101110
111011101110
111011101110
111011101110
111011101110
111011101110
111011101110
111011101110
111011101110
111011101110
111011101110
111011101110
111011101110
111011101110
111011101111
111111111111
011101100110
001100110011
001100110011
001100110011
001000100010
011101110111
110011001100
101110111011
110011001100
100110011001
010101000100
111111111111
111011101110
111011101110
111011101110
111011101110
111011101110
111011101110
110111011101
110010111011
111111111111
111111111111
111111111111
111111111111
111111111111
111111111111
111111111111
111111111111
111111111111
111011101110
111011101110
111011101110
111011101110
111011101110
111011101110
111011101110
111011101110
111011101110
111011101110
111011101110
111011101110
111011101110
111011101110
111011101110
111011101111
101110111011
111111111111
111011101110
111011101110
111011101110
111011101110
111011101110
111011101110
111011101110
111011101110
111011101110
111011101110
111011101110
111011101110
111011101110
111011101110
111011101110
111011111111
111011101110
011001010101
001100110011
001000100010
010001000100
101110111011
110011001100
110011001100
101110111011
011001100110
011001100110
001000010001
101110101010
111111111111
111011101110
111011101110
111011101110
111011101110
111011101110
111111111111
100110011001
111111111111
111111111111
111111111111
111111111111
111111111111
111111111111
111111111111
111111111111
111111111111
111011101110
111011101110
111011101110
111011101110
111011101110
111011101110
111011101110
111011101110
111011101110
111011101110
111011101110
111011101110
111011101110
111011101110
110111101110
111011101110
101110111011
111111111111
111011101110
111011101110
111011101110
111011101110
111011101110
111011101110
111011101110
111011101110
111011101110
111011101110
111011101110
111011101110
111011101110
111011101110
111011101110
111111111111
110010111011
010101010101
000000000000
010001000100
100110001000
100001110111
110011001100
100010001000
010101010101
010001000100
001000100010
001100110011
001000010001
111111111111
111011101110
111011101110
111011101110
111011101110
111011101110
111011101110
110111001101
110011001100
111111111111
111111111111
111111111111
111111111111
111111111111
111111111111
111111111111
111111111111
111011101110
111011101110
111011101110
111011101110
111011101110
111011101110
111011101110
111011101110
111011101110
111011101110
111011101110
111011101110
111011101110
111011101110
110011011101
110011011101
101110111011
111011101110
111011101110
111011101110
111011101110
111011101110
111011101110
111011101110
111011101110
111011101110
111011101110
111011101110
111011101110
111011101110
111011101110
111011101110
111011101110
111111111111
101010101010
000100010001
100110001000
111111111111
111111111111
110111011101
001100110011
010101010101
001100110011
001100110011
001100110011
001100110011
000100010001
101010101010
111111111111
111011101110
111011101110
111011101110
111011101110
111011101110
111111111111
101010011001
111111111111
111111111111
111111111111
111111111111
111111111111
111111111111
111111111111
111111111111
111011101110
111011101110
111011101110
111011101110
111011101110
111011101110
111011101110
111011101110
111011101110
111011101110
111011101110
111011101110
111011101110
111011101110
110011011101
110011011101
101110111011
111011101110
111011101110
111011101110
111011101110
111011101110
111011101110
111011101110
111011101110
111011101110
111011101110
111011101110
110011011101
110111011110
111011101110
111011101110
111011101110
111111111111
100001110111
010101010101
110111011110
111011101110
111011101110
111111111111
110111011101
001000010001
001100110011
001100110011
001100110011
001100110011
001000100010
010000110011
111111111111
111011101110
111011101110
111011101110
111011101110
111011101110
111011101110
110010111011
110111011101
111111111111
111111111111
111111111111
111111111111
111111111111
111111111111
111111111111
111011101110
111011101110
111011101110
111011101110
111011101110
111011101110
111011101110
111011101110
111011101110
111011101110
111011101110
111011101110
111011101110
111011101110
110011011101
110011011101
101110111100
110111011110
111011101110
111011101110
111011101110
111011101110
111011101110
111011101110
111011101110
111011101110
111011101110
111011101110
110011011101
110011011101
111011101110
110111101110
111011101110
111011111111
011001100110
110011001100
110111011101
110111011110
111011101110
111011101110
111111111111
100110001000
001000100010
001100110011
001100110011
001100110011
001100110011
000000000000
110011011101
110011011101
110011011101
110011011101
110011011101
110011011101
110011001101
111011101111
101010011001
111111111111
111111111111
111111111111
111111111111
111111111111
111111111111
111111111111
111011101110
111011101110
111011101110
111011101110
111011101110
111011101110
111011101110
111011101110
111011101110
111011101110
111011101110
111011101110
111011101110
111011101110
110011011101
110011011101
101111001100
110111011101
111011101110
111011101110
111011101110
111011101110
111011101110
111011101110
111011101110
111011101110
111011101110
111011101110
110111011110
101110111100
110111101110
110111101110
111011101110
111011111111
011101110111
111011101110
111011101110
110011011101
111011101110
111011101110
111011101110
111011101110
010000110011
001100110011
001100110011
001100110011
001100110011
000000000000
100110011001
110011011110
110011011101
110011011101
110011011101
110011011101
110011011101
110011011110
101110101010
111011101110
111111111111
111111111111
111111111111
111111111111
111111111111
111111111111
111011101110
111011101110
111011101110
111011101110
111011101110
111011101110
111011101110
111011101110
111011101110
111011101110
111011101110
110111101110
111011101110
111011101110
110011011101
110011011101
101111001100
110111011101
111011101110
111011101110
111011101110
111011101110
111011101110
111011101110
111011101110
111011101110
111011101110
111011101110
110111101110
101111001100
110011011101
110111101110
110111011110
111011111111
100110011001
111011111111
111011101110
110111011101
111011101110
111011101110
111011101110
111111111111
011101100110
001100110011
001100110011
001100110011
001100110011
000000000000
010101000100
110111101110
110011011101
110011011101
110011011101
110011011101
110011011101
110011011101
110111011110
101010011001
111111111111
111111111111
111111111111
111111111111
111111111111
111111111111
111011101110
111011101110
111011101110
111011101110
111011101110
111011101110
111011101110
111011101110
111011101110
111011101110
110111101110
110111101110
111011101110
111011101110
110011011101
110011011101
101110111100
110111011101
110111101110
111011101110
111011101110
111011101110
111011101110
111011101110
111011101110
111011101110
111011101110
111011101110
111011101110
110011011101
101110111011
111011101110
110011011101
111011101110
110111011101
111011101110
111011101110
110111011110
111011101110
111011101110
111011101110
111111111111
101010011001
010001000100
001100110011
001100110011
001100110011
000000000000
001000010001
110111101110
110011011101
110011011101
110011011101
110011011101
110011011101
110011011101
110011011101
101010101010
110111011101
111111111111
111111111111
111111111111
111111111111
111111111111
111011101110
111011101110
111011101110
111011101110
111011101110
111011101110
111011101110
111011101110
111011101110
111011101110
110111011110
110111011110
111011101110
111011101110
110011011101
110011011101
101110111100
110111011101
110111011110
110111101110
110111101110
111011101110
111011101110
111011101110
111011101110
111011101110
111011101110
111011101110
111011101110
110011011101
101010111011
110111011110
110011011101
110111101110
111011101110
111011101110
111011101110
111011101110
111011101110
111011101110
111011101110
111011111111
101110111011
011001100110
001100110011
001100110011
001100110011
000000000000
000100000000
110011011101
110011011101
110011011101
110011011101
110011011101
110011011101
110011011110
100110011010
110111011110
100110001000
111111111111
111111111111
111111111111
111111111111
111111111111
111011101110
111011101110
111011101110
111011101110
111011101110
111011101110
111011101110
111011101110
111011101110
111011101110
110011011101
110111101110
111011101110
111011101110
110011011101
110011011101
101110111100
110111011101
110111011110
110111011110
110011011101
111011101110
111011101110
111011101110
111011101110
111011101110
111011101110
111011101110
111011101110
110111011110
101010111011
110111011110
110011011101
110111011110
111011101110
111011101110
111011101110
111011101110
111011101110
111011101110
111011101110
111011101110
110011001101
011101100110
001000100010
001100110011
001100110011
000000000000
000000000000
101110111100
110011011101
110011011101
110011011101
110011011101
110011011101
110011011110
100110011001
110011011110
101111001100
101010101010
111111111111
111111111111
111111111111
111111111111
111011101110
111011101110
111011101110
111011101110
111011101110
111011101110
111011101110
111011101110
111011101110
111011101110
110011011101
110111101110
111011101110
111011101110
110011011101
110011011101
101110111100
110111011101
110111011110
110011011110
101110111100
111011111111
111011101110
111011101110
111011101110
111011101110
111011101110
111011101110
111011101110
110111101110
110011001101
101110111100
110011011101
110011011101
111011101110
111011101110
111011101110
111011101110
111011101110
111011101110
111011101110
110111101110
110111011101
011001100110
001100110011
001100110011
001100110011
000000000000
000000000000
101110111011
110011011110
110011011101
110011011101
110011011101
110011011101
110011011110
100110011001
110011011110
110011011110
100110101010
110111011101
111111111111
111111111111
111111111111
111011101110
111011101110
111011101110
111011101110
111011101110
111011101110
111011101110
111011101110
111011101110
110111101110
110011001101
110111101110
111011101110
111011101110
110011011101
110011011101
101111001100
101110111011
101111001100
101010101010
100010001000
101110101011
110011001100
110011001100
111011101110
111011101111
111011111111
111011101111
110111101110
111011101110
110011011101
101110111100
110011011101
110011011101
110111101110
111011101110
111011101110
111011101110
111011101110
111011101110
111011101110
110111011110
110111011101
011101100110
001100110011
001100110011
001000100010
000000000000
000000000000
101110111011
110011011110
110011011101
110011011101
110011011101
110011011101
110011011101
101010111011
101010111011
110011011101
110011011110
100010001000
111111111111
111111111111
111111111111
111011101110
111011101110
111011101110
111011101110
111011101110
111011101110
111011101110
111011101110
111011101110
110111011110
110011001101
110111101110
111011101110
110011011101
110011011101
101110111011
100010001000
011101100110
101010111011
101110111100
100110011010
101111001100
110010111011
101010101010
100110001000
100110001000
100110001000
100110011001
110011001100
110111101110
110011011110
101110111011
110011011101
110011011101
110111011110
111011101110
111011101110
111011101110
111011101110
111011101110
111011101110
110011011110
110011001100
011101110111
001100110011
001100110011
000100010001
000000000000
000000000000
101110111100
110011011101
110011011101
110011011101
110011011101
110011011101
110011011101
110011011101
100110011001
110011011110
110011011101
110011011101
100110011001
111111111111
111111111111
111011101110
111011101110
111011101110
111011101110
111011101110
111011101110
111011101110
111011101110
111011101110
110011011101
110011001101
111011101110
110111101110
110011001101
110011011101
110011011101
101111001100
101001110111
110111101110
110011011110
101010101011
110011011101
111011101110
110111101110
110111011110
111011101111
111011101111
111011101110
101110111011
100110001001
100110011001
101010101010
110011011110
110011011101
110011011101
111011101110
111011101110
111011101110
111011101110
111011101110
111011101110
110111101110
100001111000
100110011001
001000100010
001100110011
000000000000
010101010101
011101110111
101110111011
110011011101
110011011101
110011011101
110011011101
110011011101
110011011101
110011011110
100001111000
110111101110
110011011110
110011011101
101010111011
101110111011
111111111111
111011101110
111011101110
111011101110
111011101110
111011101110
111011101110
111011101110
111011101110
111011101110
110011011101
110011001101
111011101110
110011011101
110011011101
110011011101
110011011101
101110111011
101001100110
110011011101
110011011101
101010101010
110011011101
110111011101
110111011101
101111001100
110111101110
111011101110
111011101110
111011101110
110011011101
110011011110
100110011010
100110011001
101110111100
110011011110
110111101110
110111101110
111011101110
111011101110
111011101110
111011101110
110011011101
011101100110
100010001000
001000100010
000100010001
100110011001
101110111011
010000110011
101110111011
110011011101
110011011101
110011011101
110011011101
110011011101
110011011101
110011011110
100110011001
011101110111
101010101011
110011011110
110111101110
100110011010
110111011101
111011101110
111011101110
111011101110
111011101110
111011101110
111011101110
111011101110
111011101110
111011101110
110011001101
110011011101
110111101110
110011001101
110011001101
110011011101
110011011101
101010101010
101101100101
101111001100
110011011110
100010001000
110011011101
110011001101
111011101110
101010111011
110111011110
110111011101
111011101110
111011101110
110011001101
110011011101
110011001101
101111001100
101111001100
101010101011
110111011101
110111101110
110011001100
110111101110
111111111111
110111101110
011001010101
101110111011
001000100010
010001000100
101110111011
100010001000
000000000000
011001100110
101010101011
110011011110
110011011101
110011011101
110011011101
110011011101
110011011101
110011011101
101111001101
101110111011
110011001100
100010001000
100110011001
110011011110
101010101011
110111101110
111011101110
111011101110
111011101110
111011101110
111011101110
110111101110
111011101110
110111011110
110011001101
110111011101
110011011101
110011001101
110011001101
110011001101
110011011101
101010011001
110101100110
101010101011
110111011110
100001110111
101111001100
110011001101
110111011110
101110111011
110011001101
110111011101
110111101110
111011101110
110011001101
110011011101
110011001101
101110111011
110011011101
110011011101
110011001100
110011001101
111011101110
010000110011
011001010101
011101100110
100010001000
001000100010
011101110111
101110111011
010101010101
000000000000
000000000000
110011001100
101010101010
110011011110
110011011101
110011011101
110011011101
110011011101
110011011101
110011011101
110011011110
100010001000
111111111111
111111111111
110111011101
101010011001
100110001001
110111011110
111011101110
111011101110
111011101110
111011101110
111011101110
110111011110
111011101110
110111011101
110011001101
110011011101
110011001101
110011001101
110011001101
110011001101
110011011101
101010001000
110101110110
101010011001
110111011110
101010001000
101010011001
110011011101
110011001101
110111011101
101010101010
110111011101
110011011101
111011101110
110011011101
110011001101
110011011101
101010101011
110011011101
110011011101
110011001100
110011011101
110111101110
111011101110
011001100110
000000000000
000000000000
101010101010
101010101010
001100110011
000000000000
000000000000
011001100110
110111101111
101010101010
110011001101
110011011101
110011011101
110011011101
110011011101
110011011101
110011011101
110011011110
100110011001
111011101101
111111111111
111111111111
111111111111
111111111111
110111011101
111011101110
111011101110
111011101110
111011101110
110111011101
110111011101
111011101110
110011001101
110011001101
110011001101
110011001101
110011001101
110011001101
110011001101
110011011101
101001110111
111010000111
101010001001
110111011110
101010001000
101001100110
110011011110
110011001101
110111011101
100110011001
110011011101
110011001101
111011011110
110011011101
110011001101
110011011101
101010101011
110011011101
110011011101
101110111011
110011011101
111011101110
111011101110
111111111111
110011001100
100001110111
011001100110
000000000000
000000000000
000000000000
011101110111
110111101110
110011011101
101110111100
101110111100
110011011101
110011011101
110011011101
110011011101
110011011101
110011011101
110011011101
101111001101
101010101010
111111111111
111111111111
111111111111
111111111111
110111011101
111011101110
111011101110
111011101110
111011101110
110111011101
110111011101
110111011101
110011001101
110011001101
110011001101
110111011101
110011001101
110011001101
110011001101
110011001101
101101110110
111010011001
101010001000
110111011110
101001110111
110001100110
101110111100
110011001101
110011001101
101010101011
101110111011
110011001101
110011011101
110111011101
110011001101
110011011101
101010101011
110011011101
110011011101
101010111011
110011011101
111011101110
111011101110
111011101110
111011101110
111011101110
110011001101
101010101010
100110101010
110011001101
110111101110
110011011101
110011011101
101111001100
101010111011
110011011101
110011011101
110011011101
110011011101
110011011101
110011011101
110011011101
110011011110
100010001000
111111111111
111111111111
111111111111
111111111111
110011001101
111011101110
111011011110
111011011110
111011101110
110011001101
110111011101
110011001101
110011001101
110011001101
110011001100
110011001101
110011001101
110011001101
110011001101
101111001100
101101100110
111010101010
101110011001
110011011110
101001110111
111010001000
100110001000
110011011101
110011001101
110011001100
100001110111
110011011101
110011001101
110111011101
110011001101
110011011101
101010101011
110011011101
110011011101
101010101011
110011011101
111011101110
111011101110
111011101110
111011101110
110111011110
110011011101
110011011110
110011011110
101110111100
110011011101
110011011101
110011011101
110011001101
101010101011
110011011101
110011011101
110011011101
110011011101
110011011101
110011011101
110011011101
110011011101
101010101011
110011001100
111111111111
111111111111
111111111111
110011001101
111011011101
111011011101
111011011101
111011011101
110011001100
110111011101
110011001100
110011001101
110011001101
110010111100
110011001101
110011001100
110011001100
110011001101
101110101010
110110000111
111010111011
110010101010
110011011101
101001100110
111110111010
101101110111
101111001100
110011001101
110111011101
100001100110
110011001101
110011001101
110011001101
110011001101
110011001101
101010101010
110011011101
110011011101
101010101011
110011011110
111011101110
111011101110
111011101110
111011101110
110011011101
110011011101
110011011101
110011011101
101110111100
110011011101
110011011101
110011011101
110011011101
101010101010
110011011110
110011011101
110011011101
110011011101
110011011101
110011011101
110011011101
110011011101
110011011110
100010001000
111111111111
111111111111
111111111111
110011001100
110111011101
111011011101
111011011101
110111011101
110011001100
110011001100
110011001100
110011001100
110011001100
101110111011
110011001100
110011001100
110011001100
110011001101
101010011001
111010011000
111111001011
101110101001
110011011101
100101010101
110110101001
110110101001
100101110111
110111011101
110011001101
101010011001
101010101010
110011001101
110011001101
110011001101
110011001101
101010101010
110011011101
110011011101
101010101011
110011011110
111011101110
111011101110
111011101110
111011101110
110011011101
110011011101
110011011101
110011011101
101110111011
110011011101
110011011101
110011011101
110011011110
101010101010
110011011110
110011011101
110011011101
110011011101
110011011101
110011011101
110011011101
110011011101
110011011110
100110011010
110111011101
111111111111
111111111111
110011001100
110011001101
111011011101
111011011101
110111001101
110011001100
110011001100
110011001100
110011001100
101110111011
110011001100
110011001100
110011001100
110011001100
110011001101
101001110111
111010011001
110110111010
101110011001
110011001101
101101100110
110110101010
101010011000
011101000100
101110111011
110011001101
110010111100
100101110111
110011011101
110011001100
110011001101
110011001101
101010101010
110011001101
110011001100
101110111011
110011011101
111011101110
111011101110
111011101110
111011101110
110011011101
110011011101
110011011101
110011011101
101010111011
110011011101
110011011101
110011011101
110011011110
011101110111
110011011101
110011011101
110011011101
110011011101
110011011101
110011011101
110011011101
110011011101
110011011101
110011011110
100001111000
111111111111
111111111111
