111111111111
111111111111
111111111111
111111111111
111111111111
111111111111
111111111111
111111111111
111111111111
111111111111
111111111111
111111111111
111111111111
111111111111
111111111111
110011001100
101110111100
110011011101
110011011101
110011001101
101111001100
110011011101
111011101110
110111011110
111011101110
111011101110
111011101110
111011101110
111011101110
110011011101
101110111100
101010101010
110011001101
110011001101
110011001101
101110111011
101101100110
101001100110
001000010001
001100100010
010000100010
001000010001
000000010000
000000010001
000000010001
000000010001
000000010001
000000010001
000000010001
000000010001
000000010001
000000000000
101010101010
101110101011
110011011110
101110111011
100010001001
101010111011
110010111100
110011001100
110011001100
110011001100
110011001100
110011001100
111111111111
111111111111
111111111111
111111111111
111111111111
111111111111
111111111111
111111111111
111111111111
111111111111
111111111111
111111111111
111111111111
111111111111
111111111111
110111011101
101010101011
110011011101
110011011101
101110111100
101111001101
110011011101
111011101110
110111011110
111011101110
111011101110
111011101110
111011101110
111011101110
110011011101
101110111100
101010101010
110011001101
110011001101
110111011101
100001100110
110110001000
001100010010
001100100010
001100100010
001000010001
011001110111
000100110010
000000010001
000100100001
000100100001
000100100001
000000100001
000000100001
000000100001
000000100001
000000000000
100010001001
101110111011
110011011110
110111011110
100110011001
101010111011
110011001100
110011001100
110011001100
110011001100
110011001100
110011001100
111111111111
111111111111
111111111111
111111111111
111111111111
111111111111
111111111111
111111111111
111111111111
111111111111
111111111111
111111111111
111111111111
111111111111
111111111111
111111111111
100110011001
110011011110
110011011101
101110111100
110011001101
110011011101
111011101110
110111011110
110111011110
111011101110
111011101110
111011101110
110111101110
110011011101
101111001100
101010011001
110011011101
110011001101
101010111011
110001110111
010100110011
001100100010
001100100010
001100100010
011101110111
111111111111
100110101010
000000010000
000100100001
000100100001
000100100001
000100100001
000100100001
000100100001
000100100001
000000000000
100010001000
101110111011
110011011110
110011011110
101110101011
101010101010
110011001100
110011001100
110011001100
110011001100
110011001100
110011001100
111111111111
111111111111
111111111111
111111111111
111111111111
111111111111
111111111111
111111111111
111111111111
111111111111
111111111111
111111111111
111111111111
111111111111
111111111111
111111111111
100010001001
110011011110
110011011101
101110111100
101111001100
110011011101
110111101110
110111101110
110111011101
111011101110
111011101110
111011101110
110111011110
110011011101
110011001100
100110011001
110011011101
110111011101
100101110111
011101000100
001100010010
010000100011
001000010001
110010111100
001000110010
100010011000
100010001000
000000010000
000100100001
000100100001
000100100001
000100100001
000100100001
000100100001
000100100001
000000000000
100010001000
101110111011
110011011110
110011011110
101010101010
101110111011
110011001100
110011001100
110011001100
110011001100
110011001100
110011001100
111111111111
111111111111
111111111111
111111111111
111111111111
111111111111
111111111111
111111111111
111111111111
111111111111
111111111111
111111111111
111111111111
111111111111
111111111111
111011101110
100001111000
110011011110
110011011101
101111001100
101110111100
110011011101
110111011110
111011101110
110011011101
111011101110
111011101110
110111101110
110111011101
110011011101
110011011101
100110001000
110111011101
101111001100
100101010101
100001010101
011101010101
001100100010
010101000101
111111111111
000000010001
000000000000
010001010100
000000100001
000100100001
000100100001
000000000000
000000010001
000100100001
000100100001
000100100001
000000000000
101010101010
101110111011
110011011110
110111011110
101010011001
110010111011
110011001100
101110101010
110011001100
110011001100
110011001100
110011001100
111111111111
111111111111
111111111111
111111111111
111111111111
111111111111
111111111111
111111111111
111111111111
111111111111
111111111111
111111111111
111111111111
111111111111
111111111111
110011001100
100110001001
110011011110
110011011101
101111001100
101110111011
110011011101
110011011101
111011101110
110011011101
111011101110
111011101110
110111011110
110111011110
110011001101
110011011101
100110001000
110111011110
100110001000
111010011001
001000010001
001100100010
001000010001
101110101011
111111101111
000000010001
000100010001
000100100001
000100100001
000100100001
000000010000
000000000000
000000010000
000100100001
000000100001
000100100001
000000000000
101111001100
110010111011
110111011110
110111101110
100110001000
101110101010
110011001100
101110011010
110011001100
110010111100
110010111100
110010111100
111111111111
111111111111
111111111111
111111111111
111111111111
111111111111
111111111111
111111111111
111111111111
111111111111
111111111111
111111111111
111111111111
111111111111
111111111111
101110111011
101010101010
110011011110
110011011101
110011001101
101010111011
110011011101
110011001101
111011101110
110011011101
110111101110
111011101110
110011011101
110111011110
110011001101
110011011101
100110001000
110111011110
101001110111
100001010101
001000010001
001100100010
001100010001
110111001101
111011101111
000100010001
000000010001
000100100001
000100100001
001101100011
001001000010
000100100001
000100110001
010110010100
010001110011
001001000010
000000000000
110011001100
110010111011
110111011110
110111101110
100110001000
101010011001
110111001100
101010011001
110011001100
110010111100
110010111100
110010111100
111111111111
111111111111
111111111111
111111111111
111111111111
111111111111
111111111111
111111111111
111111111111
111111111111
111111111111
111111111111
111111111111
111111111111
111111111111
101110101010
110111011101
101010101011
110011011101
110011011101
101010101010
110011011101
110011011101
110111011110
110011011101
110111011110
111011101110
110011011101
110011001100
110011001101
110011011101
100110011001
101110111011
110010001000
001000000001
101010011000
001000010001
001100100010
110111011110
111111101111
001101000011
000000010000
010010000100
011010110101
011110110101
010001110011
000000100000
001001000010
011010110101
011010100101
011010100101
000000000000
111111111111
110011001100
110111011110
110111011110
101110001000
101010001000
110111001100
101110101010
110010111011
110010111100
110010111100
110010111011
111111111111
111111111111
111111111111
111111111111
111111111111
111111111111
111111111111
111111111111
111111111111
111111111111
111111111111
111111111111
111111111111
111111111111
111111111111
101010101010
111011111111
100110011001
110011011110
110011011110
100010001001
110011011110
110011011101
110011011101
110111011110
110011011101
111011101110
110011011101
101110111100
110011001100
110011011101
101010101010
100110011001
100101010101
100101110111
111111111111
010000110011
001100010010
111011101110
111111111111
011001100110
000000000000
011111000101
011010110101
011111000101
011010110101
000000010000
010010000011
011111000101
011010110101
010010000011
000000000000
111111111111
110011001100
110011011101
110111001101
101110011001
101110000111
110011001100
110010111011
101010011001
110010111100
110010111011
110010111011
111111111111
111111111111
111111111111
111111111111
111111111111
111111111111
111111111111
111111111111
111111111111
111111111111
111111111111
111111111111
111111111111
111111111111
111111111111
101010101010
111011111111
100110011001
110011011110
110111011110
011001010101
110111011110
110011011101
110011011101
110111011110
110011011101
111011101110
110011011101
101111001100
101110111100
110011011101
110011001100
100001100110
101101110111
111010111011
111111101101
110111001011
000100000000
111011101110
111111111111
100110101001
000000000000
011010100100
011111010101
011111010101
011111100110
011011000101
011111100101
011011010101
100011010110
011110010110
011101110111
111111111111
111011011101
101111001100
110011001100
101110001000
110010000111
110011001100
110010111100
100110001000
110111001100
110010111011
110010111011
111111111111
111111111111
111111111111
111111111111
111111111111
111111111111
111111111111
111111111111
111111111111
111111111111
111111111111
111111111111
111111111111
111111111111
111111111111
101010011010
111011111111
100010001001
110011011110
110011011110
010101000101
101111001101
110011011101
110011011101
110011011101
110011011101
110111101110
110111011110
110011001101
101110111011
110011001101
110011011101
100101100110
111010011001
111010111011
111011011101
111111101110
110010101010
101110111011
111111111111
111011101110
000000000000
001101100011
100011110110
100011110110
100011110110
100011110110
100011110110
111011111101
111111111111
111111111111
111111111111
111111111111
111011101110
101110101010
110011001100
101110011000
111010011001
101110101010
110111001100
100101100110
110111001100
110010111011
110010111011
111111111111
111111111111
111111111111
111111111111
111111111111
111111111111
111111111111
111111111111
111111111111
111111111111
111111111111
111111111111
111111111111
111111111111
111111111111
101010011001
111011101110
101010101011
101010101011
110011011110
011101110111
101010101011
110011011101
110011011101
110011011101
110011011101
110111011110
110111011110
110011011101
101010101010
110011011101
110011011101
101010001000
110110011001
111010111010
111011011101
111111101101
111111101110
111111101101
111111101110
111111111111
001101000011
000000000000
101011110111
100111110111
100111110111
100111110110
101111111001
111111111111
111111111111
111111111111
111011101110
111111111111
111111111110
101010011001
110011001100
101110001000
111010101010
110010101010
110111001101
101001100110
110010111011
110010111011
110010111011
111111111111
111111111111
111111111111
111111111111
111111111111
111111111111
111111111111
111111111111
111111111111
111111111111
111111111111
111111111111
111111111111
111111111111
111011101110
101010101010
111011101110
100110011010
100110011010
110011011110
100110011001
100110011001
110011011110
110011011101
110011011101
110011011101
110011011101
110111101110
110011011101
101010101010
110011011101
110011011101
101010101010
110110011000
111010111010
111011011101
111111101101
111111101101
111111101101
111111101101
111111111111
110011001100
000000000000
001101010011
101111111000
101111111000
101011110111
100111110111
101111111000
011001110110
010101100101
111111111111
111111111111
111111101101
101110101010
110011001101
101110001000
111010111010
110110111011
110011001101
110001110111
101010011001
110010111100
110010111011
111111111111
111111111111
111111111111
111111111111
111111111111
111111111111
111111111111
111111111111
111111111111
111111111111
111111111111
111111111111
111111111111
111111111111
110111011101
101110111011
110111011110
100010011001
101110111011
110011011101
100110011010
100110011010
101111001100
110011011101
110011011101
110011011101
110011011101
110111101110
110011011101
101010101011
110011001100
110011001101
110011011101
101001110111
111010101010
111011011100
111111101101
111111101101
111111101101
111111101101
111111101101
111111111111
100110101001
000000000000
000000000000
010001100011
100010110110
101111111000
011111000101
000000000000
101010101010
111111111111
111111101110
111111101101
110010111011
110011001100
101110001000
111010111011
111111011101
110011001100
110010001000
101101110111
110010111100
110010111011
111111111111
111111111111
111111111111
111111111111
111111111111
111111111111
111111111111
111111111111
111111111111
111111111111
111111111111
111111111111
111111111111
111111111111
110011001100
110011001100
110111011101
011110001001
110111101110
101110111100
100110101010
101110111100
100110011001
110011011110
110011011101
110011011101
110011011101
110111011110
110011011101
110011001100
101010101011
110011011101
110011011101
101010011001
111010101010
111011001100
111011101101
111111101101
111111101101
111111101101
111111101101
111111101101
111111101110
111011101110
011001110110
000000010001
000000000000
000000000000
000000000000
010001010101
111111111111
111111101110
111111011101
111111101101
111011011100
101110111011
101110001000
111010111011
111111011101
111011011100
101110101010
110110011001
101110011010
110010111011
111111111111
111111111111
111111111111
111111111111
111111111111
111111111111
111111111111
111111111111
111111111111
111111111111
111111111111
111111111111
111111111111
111111111111
110010111011
110111011101
110011011101
011110001000
111011101110
101010101011
100110011010
101111001100
011101111000
110011011101
110011011101
110011011101
110011011101
110011011101
110111011110
110011011101
100110011001
110011011101
110011001101
101110111011
110110011001
111011001011
111011101101
111111101101
111111101101
111111101101
111111101101
111111101101
111111101101
111011011101
111011011100
110111011101
101110111011
101010101010
101010101010
111111111111
111111101101
111111101101
111111101101
111111101101
111111101101
110010111011
101110011001
111010111011
111111011101
111111101101
110010111010
111011001011
101110001000
110010111100
111111111111
111111111111
111111111111
111111111111
111111111111
111111111111
111111111111
111111111111
111111111111
111111111111
111111111111
111111111111
111111111111
111111111111
101110101010
110111011101
110011001100
011110001000
111011101110
101010101011
100110011010
101111001100
100010001001
101010101010
110011011110
110011011101
110011011101
110011011101
110111011110
110011011101
101010101010
110011001100
110011001101
110011011101
101110001000
111010111011
111011011101
111111101101
111111101101
111111011101
111111011101
111111011101
111111011101
111111011101
111111101101
111111101101
111011011100
111111101101
111111101110
111111101101
111111101101
111111101101
111111101101
111111101101
111111101101
110111001100
101110011001
111010111011
111111101101
111111101101
110111001100
111011011100
111011001011
101110011001
111111111111
111111111111
111111111111
111111111111
111111111111
111111111111
111111111111
111111111111
111111111111
111111111111
111111111111
111111111111
111111111111
111111111111
101010101010
110111101110
101111001100
011110001000
111011101110
101110111100
100110011001
101110111100
100010011010
011101110111
110111011110
110011011101
110011011101
110011011101
110011011101
110011011101
110011001101
100110011010
110011011101
110011001101
101110101011
111010101010
111011011100
111111011101
111111101110
111111101101
111111011101
111111011101
111111011100
111111011101
111111011101
111111011101
111111011101
111111011101
111111011101
111111011101
111111011101
111111101101
111111101101
111111101101
111111101101
111111101101
101010011001
111010111011
111011101101
111111101101
111111101101
111011011101
111111101101
110010101010
111111111111
111111111111
111111111111
111111111111
111111111111
111111111111
111111111111
111111111111
111111111111
111111111111
111111111111
111111111111
111111111111
111111111111
101010101010
111011101110
101110111100
011110001000
111011101110
101110111100
101010101010
101010101010
100010011010
100010011001
100110011001
110111011110
110011011101
110011011101
110011011101
110011011101
110011011101
100010001000
110011001100
110011011101
110011011101
110010011001
111011001011
111011011101
111111011101
111111011101
111111011100
111111001100
111111011100
111111011100
111111011100
111111011100
111111011100
111111011101
111111011101
111111011101
111111011101
111111011101
111111101101
111111101101
111111101101
111111101110
110010111010
110110111011
111011011101
111111101101
111111101101
111111101101
111111101101
111111101101
111111111111
111111111111
111111111111
111111111111
111111111111
111111111111
111111111111
111111111111
111111111111
111111111111
111111111111
111111111111
111111111111
111111111111
101010011001
111011101110
101110111100
011101111000
111011101110
101010111011
101110111100
100110011001
100010011010
100010011010
011101111000
110011001100
110011011101
110011011101
110011011101
110011011101
110011011101
110011001101
011101010101
110011011101
110011011101
101110101011
111010101010
111011001100
111111011101
111111011100
111111001011
111111011100
111111001011
111111011100
111111001100
111111001100
111111011100
111111011100
111111011100
111111011100
111111011101
111111011101
111111011101
111111101101
111111101101
111111101101
111011011101
110010101010
111111011101
111111101101
111111101101
111111101101
111111101101
111111101101
111111111111
111111111111
111111111111
111111111111
111111111111
111111111111
111111111111
111111111111
111111111111
111111111111
111111111111
111111111111
111111111111
111111111111
101010011001
110111101110
101110111100
011101111000
111011101110
101010111011
101110111100
100110011001
100010011010
100010011010
100010011010
011101100111
110111011110
110011011101
110011011101
110011011101
110011011101
110011011101
101010011001
101001110111
110011011101
110011011101
110010011001
111010111011
111011011100
111111001100
111111001100
111111001100
111111001100
111111011100
111111001100
111111001100
111111011100
111111001100
111111011100
111111001100
111111011101
111111011100
111111101101
111111101101
111111101101
111111101101
111111101110
110010111011
111111011101
111111101101
111111101101
111111101101
111111101101
111111101101
111111111111
111111111111
111111111111
111111111111
111111111111
111111111111
111111111111
111111111111
111111111111
111111111111
111111111111
111111111111
111111111111
111111111111
101010011001
110111101110
101110111100
011101111000
111011101110
101010111011
101110111100
101010101011
100010011001
100010011010
100010011010
100010011010
011101110111
110111101110
110011011101
110011011101
110011011101
110011011101
110011011110
101001110111
101101110111
101111001100
110011001100
110110011001
111011001011
111011001011
111111011100
111111001011
111111011100
111111001100
111111001100
111111011100
111111011100
111111011100
111111011100
111111001100
111111011101
111111011101
111111101101
111111101101
111111101101
111111101101
111111101101
111011011101
111011101101
111111101101
111111101101
111111101101
111111101101
111111101101
111111111111
111111111111
111111111111
111111111111
111111111111
111111111111
111111111111
111111111111
111111111111
111111111111
111111111111
111111111111
111111111111
111111111111
100110011001
110111011110
101110111100
011101111000
111011101110
101010111011
101110111100
101010111011
100010011010
100010011010
100010011010
100010011010
100010011001
100010001000
110111101110
110011011101
110011011101
110011011101
110011011101
101111001100
101101110111
110010011001
101010111011
101110101010
111010101001
111011011100
111111011100
111111011100
111111011100
111111011100
111111011100
111111011100
111111011100
111111011100
111111011101
111111011100
111111011101
111111011101
111111101101
111111101101
111111101101
111111101101
111111101101
111111101101
111111101101
111111101101
111111101101
111111101101
111111101101
111111101101
111111111111
111111111111
111111111111
111111111111
111111111111
111111111111
111111111111
111111111111
111111111111
111111111111
111111111111
111111111111
111111111111
111111111111
100110001000
110111011101
101110111100
011110001000
110111011101
101110111011
101110111100
101010101011
100010011010
100010011010
100010011010
100010011010
100010011010
011110001001
011101110111
110011011110
110011011110
110011011101
110011011101
110011011101
101010101010
110110011000
111011001100
101110101010
101110011001
111111011100
111111011100
111111011100
111111011100
111111011100
111111011100
111111011100
111111011100
111111011101
111111011101
111111011101
111111011101
111111011101
111111101101
111111101101
111111101101
111111101101
111111101101
111111101101
111111101101
111111101101
111111101101
111111101101
111111101101
111111101101
111111111111
111111111111
111111111111
111111111111
111111111111
111111111111
111111111111
111111111111
111111111111
111111111111
111111111111
111111111111
111111111111
111111111111
100110011001
110011011101
101110111100
011110001001
110011001100
101110111011
101110111100
101010101011
100010011010
100010011010
100010011010
100010011010
100010011010
100010011010
011101111000
100110011001
101110111100
110011011110
110011011101
110011001101
110011011110
101010101010
110110011001
111111011100
110111001011
110010111010
111111011101
111111011101
111111011101
111111011101
111111011101
111111011101
111111011101
111111011101
111111011101
111111011101
111111011101
111111101101
111111101101
111111101101
111111101101
111111101101
111111101101
111111101101
111111101101
111111101101
111111101101
111111101101
111111101101
111111101101
111111111111
111111111111
111111111111
111111111111
111111111111
111111111111
111111111111
111111111111
111111111111
111111111111
111111111111
111111111111
111111111111
111111111111
100110011001
110011011101
101110111100
100010011010
110011001100
101110111100
101110111100
101010101011
100010011010
100010011010
100010011010
100010011010
100010011010
100010011010
011110001001
110111011101
110011001100
100110011010
110011001101
110011011110
110011001101
110011011110
101110111011
110110101001
111111011101
111111011101
111011011101
111111011101
111111011101
111111011101
111111011101
111111011101
111111011101
111111011101
111111011101
111111101101
111111101101
111111101101
111111101101
111111101101
111111101101
111111101101
111111101101
111111101101
111111101101
111111101101
111111101101
111111101101
111111101101
111111101101
111111111111
111111111111
111111111111
111111111111
111111111111
111111111111
111111111111
111111111111
111111111111
111111111111
111111111111
111111111111
111111111111
111111111111
100110011001
110011011101
101110111100
100010011010
101110111011
101110111100
101110111100
101010101011
100010011010
100010011010
100010011010
100010011010
100010011010
100010011010
100010011010
101010101010
111111111111
111011101111
101010101011
101010101011
101111001100
110011011110
110111011110
101111001101
110010101010
111111011100
111111101101
111111011101
111111011101
111111101101
111111101101
111111101101
111111101101
111111101101
111111101101
111111101101
111111101101
111111101101
111111101101
111111101101
111111101101
111111101101
111111101101
111111101101
111111101101
111111101101
111111101101
111111101101
111111101101
111111101101
111111111111
111111111111
111111111111
111111111111
111111111111
111111111111
111111111111
111111111111
111111111111
111111111111
111111111111
111111111111
111111111111
111111111111
100110001000
110011011101
101110111100
100010011010
101110111011
101110111100
101110111100
101010101011
100010011010
100010011010
100010011010
100010011010
100010011010
100010011010
100010011010
100010001001
111111111111
111011101110
110111101110
101111001101
101110111100
011101111000
100010001000
101110111011
100110101011
100110001000
111011011101
111111101101
111111101101
111111101101
111111101101
111111101101
111111101101
111111101101
111111101101
111111101101
111111101101
111111101101
111111101101
111111101101
111111101101
111111101101
111111101101
111111101101
111111101101
111111101101
111111101101
111111101101
111111101101
111111101101
111111111111
111111111111
111111111111
111111111111
111111111111
111111111111
111111111111
111111111111
111111111111
111111111111
111111111111
111111111111
111111111111
111111111111
100110001000
110011001101
101110111100
100010011010
101010101010
101111001100
101110111100
101010111011
100010011010
100010011010
100010011010
100010011010
100010011010
100010011010
100010011010
011110001000
111011101110
111111111111
111011101110
110011001101
110011011101
100110011010
010101010110
101001110110
111011001100
111011011100
110111011100
111111101101
111111101101
111111101101
111111101101
111111101101
111111101101
111111101101
111111101101
111111101101
111111101101
111111101101
111111101101
111111101101
111111101101
111111101101
111111101101
111111101101
111111101101
111111101101
111111101101
111111101101
111111101101
111111101101
111111111111
111111111111
111111111111
111111111111
111111111111
111111111111
111111111111
111111111111
111111111111
111111111111
111111111111
111111111111
111111111111
111111111111
100110001000
110011001101
101110111100
100010011010
100110011001
101111001100
101110111100
101010111011
100010011010
100010011010
100010011010
100010011010
100010011010
100010011010
100010011010
011110001001
110011001100
111111111111
111011101110
110111101110
101111001101
101010111011
100010011010
010101010101
101110000111
111111011100
111111101101
111111101101
111111101101
111111101101
111111101101
111111101101
111111101101
111111101101
111111101101
111111101101
111111101101
111111101101
111111101101
111111101101
111111101101
111111101101
111111101101
111111101101
111111101101
111111101101
111111101101
111111101101
111111101101
111111101101
111111111111
111111111111
111111111111
111111111111
111111111111
111111111111
111111111111
111111111111
111111111111
111111111111
111111111111
111111111111
111111111111
111111111111
100110011001
110011001100
101110111100
100110101010
100010001001
110011001100
101110111100
101010111011
100010011010
100010011010
100010011010
100010001001
100010011010
100010011010
100010011010
100010011010
100110011001
111111111111
111011101110
111011101110
110011001101
110011011101
100010001000
100010101011
010001000101
101010000111
111111011100
111011011101
111111101101
111111101101
111111101101
111111101101
111111101101
111111101101
111111101101
111111101101
111111101101
111111101101
111111101101
111111101101
111111101101
111111101101
111111101101
111111101101
111111101101
111111101101
111111101101
111111101101
111111101101
111111101101
111111111111
111111111111
111111111111
111111111111
111111111111
111111111111
111111111111
111111111111
111111111111
111111111111
111111111111
111111111111
111111111111
111111111111
100110011001
101111001100
101110111100
100110101011
011110001000
110011001100
101110111100
101010111011
100010011010
100010011010
100010011010
011110001000
100010011010
100010011010
100010011010
100010011010
011110001000
111111111111
111111111111
111011101110
110111101110
101111001101
100110101010
100010011001
100110101011
010001000101
100101110110
111111011100
111011011101
111111101101
111111101101
111111101101
111111101101
111111101101
111111101101
111111101101
111111101101
111111101101
111111101101
111111101101
111111101101
111111101101
111111101101
111011011101
111111101110
111111101101
111111101101
111111101101
111111101101
111111101101
111111111111
111111111111
111111111111
111111111111
111111111111
111111111111
111111111111
111111111111
111111111111
111111111111
111111111111
111111111111
111111111111
111111111111
100110011001
101111001100
101110111100
101010111011
011101111000
110011001101
101110111100
101110111011
100010011010
100010011010
100010011010
011101111000
100010011010
100010011010
100010011010
100010011010
011110001000
110111011101
111111111111
111011101110
111011101110
110011001101
110011001101
011110001000
100010011010
100010101011
010101010110
011101010101
111111011100
111111011101
111111101101
111111101101
111111101101
111111101101
111111101101
111111101101
111111101101
111111101101
111111101101
111111101101
111111101101
111111101101
111111101101
111011011101
101110101010
111011011101
111111101101
111111101101
111111101101
111111101101
111111111111
111111111111
111111111111
111111111111
111111111111
111111111111
111111111111
111111111111
111111111111
111111111111
111111111111
111111111111
111111111111
111111111111
101010011001
101111001100
101110111100
101010111011
011101111000
101111001100
101110111100
101110111100
100010011010
100010011010
100010011010
011001110111
100010011010
100010011010
100010011010
100010011010
100010011010
101010011001
111111111111
111011101110
111011101110
110111101110
101111001101
100110011010
100010011001
100010011010
100010101010
011001111000
010000110011
111010111011
111111101101
111111101101
111111101101
111111101101
111111101101
111111101101
111111101101
111111101101
111111101101
111111101101
111111101101
111111101101
111111101101
111111101101
111111101110
111111101101
111111101101
111111101101
111111101101
111011011101
111111111111
111111111111
111111111111
111111111111
111111111111
111111111111
111111111111
111111111111
111111111111
111111111111
111111111111
111111111111
111111111111
111011101110
101010011001
101111001100
101110111100
101110111011
011110001001
101010101010
101110111100
101110111100
100010011010
100010011010
100010011010
011001100111
100110101011
100010011010
100010011010
100010011010
100010011010
011101111000
111111111111
111111111111
111011101110
111011101110
110011011101
110011001101
011101111000
100010011010
100010011010
100010011010
100010011010
001100110011
101010001000
111111101110
111111101101
111111101101
111111101101
111111101101
111111101101
111111101101
111111101101
111111101101
111111101101
111111101101
111111101101
111111101101
111111101101
111111101101
111111101101
111111101101
111111101101
111111101101
111111111111
111111111111
111111111111
111111111111
111111111111
111111111111
111111111111
111111111111
111111111111
111111111111
111111111111
111111111111
111111111111
111011101110
101010011001
101111001100
101110111100
101110111100
011110001001
100110011001
101110111100
101110111100
100010011010
100010011010
100010011010
011001100110
101010111011
100010011010
100010011010
100010011010
100010011010
011110001000
110111011101
111111111111
111011101110
111011101110
110111101110
101111001101
100110011010
100010011001
100010011010
100010011010
100010011010
100010101010
010101010101
011101010101
111111101101
111111101110
111111101101
111111101101
111111101101
111111101101
111111101101
111111101101
111111101101
111111101101
111111101101
111111101101
111111101101
111111101101
111111101101
111111101101
111111101101
111111101101
111111111111
111111111111
111111111111
111111111111
111111111111
111111111111
111111111111
111111111111
111111111111
111111111111
111111111111
111111111111
111111111111
111011101110
101010101010
101111001100
101110111100
101110111100
100010011010
100010001001
101111001100
101110111100
100010011010
100010011010
100010011010
011001100110
101010101010
100010011010
100010011010
100010011010
100010011010
100010011010
100110011001
111111111111
111011101110
111011101110
111011101110
110011011101
110011011101
011101111000
100010011010
100010011010
100010011010
100010011010
100010101010
011001111000
010000110011
111011001100
111111101110
111111101101
111111101101
111111101101
111111101101
111111101101
111111101101
111111101101
111111101101
111111101101
111111101101
111111101101
111111101101
111111101101
111111101101
111111101101
111111111111
111111111111
111111111111
111111111111
111111111111
111111111111
111111111111
111111111111
111111111111
111111111111
111111111111
111111111111
111111111111
111011101110
101010101010
101111001100
101110111100
101110111100
100010011010
011101111000
101110111100
101110111100
100110101010
100010011010
100010011010
011001100111
101010101010
100010011010
100010011010
100010011010
100010011010
100010011010
011101110111
111111111111
111111111111
111011101110
111011101110
110111101110
101111001101
101010101011
011110001001
100010011010
100010011010
100010011010
100010011010
100010011010
100010011010
001100100010
100110001000
111111111111
111111101110
111111101101
111111101101
111111101101
111111101101
111111101101
111111101101
111111101101
111111101101
111111101101
111111101101
111111101101
111111101101
111111101101
111111111111
111111111111
111111111111
111111111111
111111111111
111111111111
111111111111
111111111111
111111111111
111111111111
111111111111
111111111111
111111111111
111011101110
101010101010
101111001100
101110111100
101110111100
100110101010
011101111000
101010111011
101110111100
100110101011
100010011010
100010011010
011001110111
101010011001
101010111100
100010011010
100010011010
100010011010
100010011010
011110001001
110010111011
111111111111
111011101110
111011101110
111011101110
110011011101
110011011110
011101111000
100010011010
100010011010
100010011010
100010011010
100010011010
100010011010
101110001000
101010000111
010000100010
110010111011
111111111111
111111101110
111111101101
111111101101
111111101101
111111101101
111111101101
111111101101
111111101101
111111101101
111111101101
111111101101
111111101101
111111111111
111111111111
111111111111
111111111111
111111111111
111111111111
111111111111
111111111111
111111111111
111111111111
111111111111
111111111111
111111111111
111111111111
101010101010
101110111100
101110111100
101110111100
100110101011
011001110111
101010101011
101110111100
101010101011
100010011010
100010011010
011001110111
110010111011
101110111011
100010011010
100010011010
100010011010
100010011010
100010011010
100010001000
111111111111
111011101110
111011101110
111011101110
111011101110
101111001101
101110111100
011110001000
100010011010
100010011010
100010011010
100010011010
100010011010
100101110110
111111011100
111111001011
011101010100
010101000100
111011011101
111111111110
111111101101
111111101101
111111101101
111111101101
111111101101
111111101101
111111101101
111111101101
111111101101
111111101101
111111111111
111111111111
111111111111
111111111111
111111111111
111111111111
111111111111
111111111111
111111111111
111111111111
111111111111
111111111111
111111111111
111111111111
101110101010
101110111100
101110111100
101110111100
101010101011
011110001000
100010011010
101111001100
101010111011
100010011010
100010011010
011001111000
111111111111
100010001000
100010101010
100010011010
100010011010
100010011010
100010011010
011001110111
111011101110
111111111111
111011101110
111011101110
111011101110
110111011110
110011011101
100010001000
100010011010
100010011010
100010011010
100010011010
100010011010
100001110110
111111001011
111111001011
111111001011
111010111010
010100110011
100001110111
111111111110
111111101110
111111101101
111111101101
111111101101
111111101101
111111101101
111111101101
111111101101
111111101101
111111111111
111111111111
111111111111
111111111111
111111111111
111111111111
111111111111
111111111111
111111111111
111111111111
111111111111
111111111111
111111111111
111111111111
101110111011
101110111100
101110111100
101110111100
101010111011
011110001001
011110001000
101111001100
101110111100
100010011010
100010011010
011101111000
111011101110
101010011001
101010111011
100010011010
100010011010
100010011010
100010011010
100010011010
101010101010
111111111111
111011101110
111011101110
111011101110
111011101110
110011011101
110011001101
011101111000
100010011010
100010011010
100010011010
100010101010
100001100110
111111001011
111111001011
111111001011
111111001011
111111011100
101110001000
010000110011
101110101010
111111111110
111111101110
111111101101
111111101101
111111101101
111111101101
111111101101
111111101101
111111111111
111111111111
111111111111
111111111111
111111111111
111111111111
111111111111
111111111111
111111111111
111111111111
111111111111
111111111111
111111111111
111111111111
101110111011
101110111100
101110111100
101110111100
101110111100
100010011010
011101111000
101110111100
101110111100
100010011010
100010011010
011110001001
110111001100
111011101110
100010001000
100010011010
100010011010
100010011010
100010011010
100010011010
011101110111
111111111111
111011101110
111011101110
111011101110
111011101110
111011101110
101111001101
100110011001
100010011001
100010101010
100010011010
011001111000
011001010101
111111001100
111111001011
111111001011
111111001011
111111001011
111111001011
111111001011
100001100110
010100110011
101110101010
111111111110
111111101110
111111101101
111111101101
111111101110
111111101110
111111111111
111111111111
111111111111
111111111111
111111111111
111111111111
111111111111
111111111111
111111111111
111111111111
111111111111
111111111111
111111111111
111111111111
101110111011
101110111100
101110111100
101110111100
101110111100
100010011010
011101110111
101010111011
101110111100
100110011010
100010011010
011110001001
110010111011
111111111111
100110001000
100110101010
100010011010
100010011010
100010011010
100010011010
011110001001
110011001100
111111111111
111011101110
111011101110
111011101110
111011101110
110111011110
110011011110
011001100110
010101010110
010001000100
001000100010
011101010101
111111011100
111111001011
111111001011
111111001011
111111001011
111111001011
111111001011
111111001011
111111001011
100101100110
010101000100
110111001100
111111111110
111111111110
110111011100
100001110111
111111111111
111111111111
111111111111
111111111111
111111111111
111111111111
111111111111
111111111111
111111111111
111111111111
111111111111
111111111111
111111111111
111111111111
110011001100
101110111100
101110111100
101110111100
101110111100
100010011010
011101111000
100110101011
101111001100
100110101011
100010011010
100010011001
101110101010
111111111111
111011011101
011110001000
100010011010
100010011010
100010011010
100010011010
100010011010
100010001000
111111111111
111011101110
111011101110
111011101110
111011101110
111011101110
110011011101
101010111011
001100110011
000100010010
100001100110
101010000111
111111001011
111111001011
111111001011
111111001011
111111001011
111111001011
111111001011
111111001011
111111001011
111111001011
111111001011
100101110110
100001110110
011001010101
011101010100
110010011001
111111111111
111111111111
111111111111
111111111111
111111111111
111111111111
111111111111
111111111111
111111111111
111111111111
111111111111
111111111111
111111111111
111111111111
101110111011
101111001100
101110111100
101110111100
101110111100
100110101010
011110001000
100010011001
101111001100
101010111011
100010011010
100010011010
101010011001
111111111111
111111111111
100110001000
100010011010
100010011010
100010011010
100010011010
100010011010
011101111000
111011101110
111111111111
111011101110
111011101110
111011101110
111011101110
111011101110
110011011110
010101010110
010000110011
111111011100
100101110110
111111001011
111111001011
111111001011
111111001011
111111001011
111111001011
111111001011
111111001011
111111001011
111111001011
111111001011
111111001011
111111001011
111111001011
111111001011
111111001011
111111111111
111111111111
111111111111
111111111111
111111111111
111111111111
111111111111
111111111111
111111111111
111111111111
111111111111
111111111111
111111111111
111111111111
101110111011
101111001100
101110111100
101110111100
101110111100
101010101011
011110001001
011110001000
101110111100
101110111011
100010011010
100010011010
100110011001
111111111111
111111111111
111011101110
011001100110
100010101010
100010101010
100010011010
011001110111
010001000101
100110011001
111111111111
111011101110
111011101110
111011101110
111011101110
111011101110
110111011110
101111001100
110010011000
111111011100
100101110110
111111001011
111111001011
111111001011
111111001011
111111001011
111111001011
111111001011
111111001011
111111001011
111111001011
111111001011
111111001011
111111001011
111111001011
111111001011
111111001011
111111111111
111111111111
111111111111
111111111111
111111111111
111111111111
111111111111
111111111111
111111111111
111111111111
111111111111
111111111111
111111111111
111111111111
101110111011
101111001100
101110111100
101110111100
101110111100
101010111011
100010011010
011101111000
101010111011
101111001100
100010011010
100010011010
011101110111
111111111111
111111111111
111111111111
100110011001
011001100111
010101010101
010000110100
010001000101
010001010101
010001000100
111111111111
111111111111
111011101110
111011101110
111011101110
111011101110
111011101110
110011011110
100010011001
111111001011
100101110111
111111001011
111111001011
111111001011
111111001011
111111001011
111111001011
111111001011
111111001011
111111001011
111111001011
111111001011
111111001011
111111001011
111111001011
111111001011
111111001011
111111111111
111111111111
111111111111
111111111111
111111111111
111111111111
111111111111
111111111111
111111111111
111111111111
111111111111
111111111111
111111111111
111111111111
101110101010
101111001100
101110111011
101110111100
101110111100
101110111100
100010011010
011101111000
100110101011
101111001100
100110101010
100010011010
011101111000
111011101110
111111111111
011101110111
010001000100
010001000101
010101010101
010101010101
010101010101
010101010101
010001000100
101110111011
111111111111
111011101110
111011101110
111011101110
111011101110
111011101110
110111101110
101111001101
101010011000
101110001000
111011001011
111111001011
111111001011
111111001011
111111001011
111111001011
111111001011
111111001011
111111001011
111111001011
111111001011
111111001011
111111001011
111111001011
111111001011
111111001011
111111111111
111111111111
111111111111
111111111111
111111111111
111111111111
111111111111
111111111111
111111111111
111111111111
111111111111
111111111111
111111111111
111111111111
101010101010
110011001100
101110111011
101110111100
101110111100
101110111100
100010011010
011110001000
100010011010
101111001100
101010111011
100010011010
100010011001
101110101010
110011001100
011101110111
010001000100
010101010101
010101010101
010101010101
010101010101
010101010101
010001010101
011001010101
111111111111
111111111111
111011101110
111011101110
111011101110
111011101110
111011101110
110011011110
100110101011
101001110111
111011001011
111111001011
111111001011
111111001011
111111001011
111111001011
111111001011
111111001011
111111001011
111111001011
111111001011
111111001011
111111001011
111111001011
111111001011
111111001011
111111111111
111111111111
111111111111
111111111111
111111111111
111111111111
111111111111
111111111111
111111111111
111111111111
111111111111
111111111111
111111111111
111111111111
101110111011
110011001101
101110111011
101110111100
101110111100
101110111100
100110101010
100010001001
100010001001
100110011001
011001100111
010001000100
001100110011
001100110011
001100110011
001100110011
001100110011
010101010101
010101010101
010101010101
010101010101
010101010101
010101010101
010001000100
110111011101
111111111111
111011101110
111011101110
111011101110
111011101110
111011101110
110111101110
101111011110
011101100111
111111001011
111111001011
111111001011
111111001011
111111001011
111111001011
111111001011
111111001011
111111001011
111111001011
111111001011
111111001011
111111001011
111111001011
111111001011
111111001011
111111111111
111111111111
111111111111
111111111111
111111111111
111111111111
111111111111
111111111111
111111111111
111111111111
111111111111
111111111111
111111111111
111111111111
101110111011
110011011101
101110111011
101110111100
101110111100
101110111100
101010101011
100010011010
010001000100
001100110011
001100110011
001100110100
001100110100
001101000100
010001000100
010001000100
001101000100
010001000100
010101010101
010101010101
010101010101
010101010101
010101010110
010101010101
100001110111
111111111111
111011101110
111011101110
111011101110
111011101110
111111111111
111011101110
110011011101
101010111100
110010101001
111111001011
111111001011
111111001011
111111001011
111111001011
111111001011
111111001011
111111001011
111111001011
111111001011
111111001011
111111001011
111111001011
111111001011
111111001011
111111111111
111111111111
111111111111
111111111111
111111111111
111111111111
111111111111
111111111111
111111111111
111111111111
111111111111
111111111111
111111111111
111111111111
101110111011
110111011101
101110111011
101110111100
101110111100
101110111100
101111001100
010101100110
001100110011
001100110100
001101000100
010001000100
010001000100
010001000100
010001000100
010001000100
010001000100
001100110011
010101010101
010101010101
010101010101
010101010110
010101010110
011001100110
010101000100
111011101110
111011111111
111011101110
111011101110
111111111111
111111111111
111011101110
110111101110
101111011101
100010001000
111111001011
111111001011
111111001011
111111001011
111111001011
111111001011
111111001011
111111001011
111111001011
111111001011
111111001011
111111001011
111111001011
111111001011
111111001011
111111111111
111111111111
111111111111
111111111111
111111111111
111111111111
111111111111
111111111111
111111111111
111111111111
111111111111
111111111111
111111111111
111111111111
101110111011
110111011101
101110111011
101110111100
101110111100
101111001100
101010101010
001100110011
001101000100
001101000100
010001000100
010001000100
010001000100
010001000100
010001000100
010001000100
010001000100
010001000100
010001000100
010101100110
010101010110
010101010110
011001100110
011001100110
010001000101
100110011001
111111111111
111011101110
111011101110
111011101110
111011101110
111011101110
111011101110
101111001101
101111001101
101010011000
111111011100
111111001011
111111001011
111111001011
111111001011
111111001011
111111001011
111111001011
111111001011
111111001011
111111001011
111111001011
111111001100
111111001100
111111111111
111111111111
111111111111
111111111111
111111111111
111111111111
111111111111
111111111111
111111111111
111111111111
111111111111
111111111111
111111111111
111111111111
110010111011
110111011101
101110111011
101110111100
101110111100
101111001100
010001000100
001100110100
001101000100
010001000100
010001000100
010001000100
010001000100
010001000100
010001000100
010001000100
010001000100
010001000100
001100110011
010101100110
010101010110
010101100110
011001100110
011001100110
010101010101
010101000100
111111111111
111011101110
111011101110
111011101110
111011101110
111011101110
111011101110
110011011101
101111011101
100010011001
111111001011
111111001100
111111001100
111111001100
111111001100
111111001100
111111001100
111111001100
111111001100
111111001100
111111001100
111111001100
111111011100
111111011100
111111111111
111111111111
111111111111
111111111111
111111111111
111111111111
111111111111
111111111111
111111111111
111111111111
111111111111
111111111111
111111111111
111111111111
110011001100
110111011110
101110111011
101110111100
110011001100
011001100110
001100110011
010001000100
010001000100
010001000100
010001000100
010001000100
010001000100
010001000100
010001000100
010001000100
010001000100
010001000100
010001000100
010001000100
010101100110
010101100110
011001100110
011001100110
010101100110
011101100110
110010111011
111111111111
111011101110
111011101110
111011101110
111011101110
111011101110
110111011110
101111001101
101111011110
100110001000
111111011100
111111001100
111111001100
111111011100
111111011100
111111011100
111111011100
111111011100
111111011100
111111011100
111111011100
111111011100
111111011100
111111111111
111111111111
111111111111
111111111111
111111111111
111111111111
111111111111
111111111111
111111111111
111111111111
111111111111
111111111111
111111111111
111111111111
110111011101
110011001100
101111001100
101111001100
100010001000
001100110011
010001000100
010001000100
010001000100
010001000100
010001000100
010001000100
010001000101
010001000101
010001000101
010001000101
010001000100
010001000100
010001000100
001100110011
011001100110
010101100110
011001100110
011001100110
011001100110
011101100110
101110011001
111111111111
111011101110
111011101110
111011101110
111011101110
111011101110
111011101110
110011011101
110011011101
100110011010
111011001011
111111001100
111111001100
111111011100
111111011100
111111011100
111111011100
111111011100
111111011100
111111011100
111111011100
111111011100
111111011100
111111111111
111111111111
111111111111
111111111111
111111111111
111111111111
111111111111
111111111111
111111111111
111111111111
111111111111
111111111111
111111111111
111111111111
111111111111
101110111011
110011001101
101010101011
001100110011
010001000100
010001000100
010001000100
010001000100
010001000101
010001000101
010101010101
010101010101
010101010101
010101010101
010101010101
010101010101
010001000101
010001000100
001100110011
010101010101
010101100110
011001100110
011001100110
011001100110
010101000100
110110111011
110011001101
111011101111
111011101110
111011101110
111011101110
111011101110
111011101110
110011011101
110011011101
101111011110
100110001000
111111011100
111111001100
111111011100
111111011100
111111011100
111111011100
111111011100
111111011100
111111011100
111111011100
111111011100
111111011100
111111111111
111111111111
111111111111
111111111111
111111111111
111111111111
111111111111
111111111111
111111111111
111111111111
111111111111
111111111111
111111111111
111111111111
111111111111
101110111011
110111011101
010000110100
010001000100
010001000100
010001000100
010001000101
010001000101
010101010101
010101010101
010101010101
010101010101
010101010101
010101010101
010101010101
010101010101
010101010101
010001000101
010001000100
010001000100
010101100110
011001100110
011001100110
011001100110
010001000100
111111101110
100110011001
111111111111
111011101110
111011101110
111011101110
111011101110
111011101110
110011011101
111011101110
101111001101
100010011010
111111001011
111111001100
111111001100
111111011100
111111011100
111111011100
111111011100
111111011100
111111011100
111111011100
111111011100
111111001100
111111111111
111111111111
111111111111
111111111111
111111111111
111111111111
111111111111
111111111111
111111111111
111111111111
111111111111
111111111111
111111111111
111111111111
111111111111
110111001100
011001100110
001100110100
010001000100
010001000101
010001000101
010101010101
010101010101
010101010101
010101010101
010101010101
010101010101
010101010101
010101010101
010101010101
010101010101
010101010101
010001000101
010001000100
010001000100
010101100110
011001100110
011001100110
011001100110
010001000100
110111001100
101110101001
111011101110
111011101110
111011101110
111011101110
111011101110
111011101110
110111011110
111011101110
110011011101
101111001101
101010001000
111111001100
111111001011
111111001100
111111001100
111111001100
111111001100
111111001100
111111001100
111111001100
111111001100
111111001011
111111111111
111111111111
111111111111
111111111111
111111111111
111111111111
111111111111
111111111111
111111111111
111111111111
111111111111
111111111111
111111111111
111111111111
111111111111
100010001000
001100110011
010001000100
010001000101
010101010101
010101010101
010101010101
010101010101
010101010101
010101010101
010101010101
010101010101
010101010101
010101010101
010101010101
010101010101
010101010101
010001010101
010001000100
010101010101
010101100110
011001100110
011001100110
011001100110
010101010101
100110011001
111111101101
101010101010
111011101111
111011101110
111011101110
111011101110
111011101110
110111101110
110111101110
110111101110
101111001101
100110001000
111111001011
111111001011
111111001011
111111001011
111111001011
111111001011
111111001011
111111001011
111111001011
111111001011
111111001011
111111111111
111111111111
111111111111
111111111111
111111111111
111111111111
111111111111
111111111111
111111111111
111111111111
111111111111
111111111111
111111111111
111111111111
101010101010
001100110011
010001000101
010101010101
010101010101
010101010101
010101010101
010101010101
010101010101
010101010101
010101010101
010101010101
010101010101
010101010101
010101010101
010101010101
010101010101
010101010101
010101010101
010000110100
010101100110
010101100110
011001100110
011001100110
011001100110
011001100110
011101100110
111111111111
100110011001
111011111111
111011101110
111011101110
111011101110
111011101110
111011101110
110111101110
111011101110
101111001101
101010101011
110110101001
111111001011
111111001011
111111001011
111111001011
111111001011
111111001011
111111001011
111111001011
111111001011
111111001011
111111111111
111111111111
111111111111
111111111111
111111111111
111111111111
111111111111
111111111111
111111111111
111111111111
111111111111
111111111111
111111111111
101010101010
001100110011
010001000100
010001010101
010101010101
010101010101
010101010101
010101010101
010101010101
010101010101
010101010101
010101010101
010101010101
010101010101
010101010101
010101010101
010101010101
010101010101
010101010101
010001010101
010001000100
011001100110
010101010110
011001100110
011001100110
011001100110
011001100110
010101000100
111111111111
101110101001
110111101110
111011101110
111011101110
111011101110
111011101110
111011101110
111011101110
111011101110
110011011101
101111001101
101010001000
111111001011
111111001011
111111001011
111111001011
111111001011
111111001011
111111001011
111111001011
111011001011
111011001011
111111111111
111111111111
111111111111
111111111111
111111111111
111111111111
111111111111
111111111111
111111111111
111111111111
111111111111
111111111111
110011001100
001000100010
010001000100
010001000101
010101010101
010101010101
010101010101
010101010101
010101010101
010101010101
010101010101
010101010101
010101010101
010101010101
010101010101
010101010101
010101010101
010101010101
010101010101
010101010101
010001010101
010001000100
011001100110
010101010110
011001100110
011001100110
011001100110
011001100111
001100110011
111111101101
111111101110
101010011001
111011101111
111011101110
111011101110
111011101110
111011101110
111011101110
111011101110
110111101110
101111001101
100110001000
111111001011
111111001011
111111001011
111111001011
111011001011
111011001011
111011001011
111011001011
111011001011
111011001011
