110011001100
110011001100
110111011101
111011011101
110011001100
110011001100
110011001100
110011001100
110011001100
101110101010
110011001100
110011001100
110011001100
110011001100
110011001100
101101110110
110110101001
111111101101
101110011000
101010101011
001100010010
001000010001
001100010001
001100010001
010000110011
101111001100
101111001100
100001010101
110011001100
110011001100
110011001100
110011001101
101010101010
110011001101
101110101011
101111001100
110011011101
110111101110
111011101110
111011101110
111011101110
110011011101
110011011101
110011011101
110011011101
101010101011
110011011101
110011011101
110011011101
110011011110
101110101010
100010001000
101010111011
110011011110
110011011101
110011011101
110011011101
110011011101
110011011101
110011011101
110011011110
100110101010
110011001100
111111111111
110011001100
110011001100
110011001100
111011011101
110011001100
110011001100
110011001100
110011001100
110011001100
101010011010
110011001100
110011001100
110011001100
110011001100
101110101011
110110000111
111010111011
011001000100
001000010001
100110011010
001100010001
001100100010
001100100010
001100100010
001100010001
011101100111
101111001100
011101100111
100110001001
110111001101
110011001100
110011001101
101010101010
110011011101
101010011010
110011011101
110011011101
110111011110
111011101110
111011101110
111011101110
110011011101
110011011101
110011011101
110011011101
101010101011
110011011101
110011011101
110011011101
110011011101
101110101011
111111111111
101110101010
100010001000
110011001101
110011011110
110011011101
110011011101
110011011101
110011011101
110011011101
110011011110
100001110111
111111111111
110011001100
110011001100
110011001100
110111001101
110010111100
110011001100
110011001100
110011001100
101110101010
101110101011
110011001100
110011001100
110011001100
110011001100
101110011001
110110001000
001100100010
001100010010
001100100010
100110001001
001100010010
010000100010
001100100010
010000100010
010000100010
001100010001
100110011001
101010101011
010101000101
101110111100
110011001100
110011001100
101010101010
110111011101
101010011001
110011011110
110111011110
110011011101
111011101110
111011101110
110111101110
110011011101
110011011101
110011011101
110011011101
101010101011
110011011101
110011011101
110011011101
110011011101
101010101010
111111111111
111111111111
111111111111
101010011001
100010001001
110011011110
110011011110
110011011101
110011011101
110011011101
110011011101
101010111011
101110111011
110011001100
110011001100
110011001100
110011001100
110010111100
110010111100
110010111100
110011001100
101010001001
110011001100
101110101010
110010111100
110011001100
110111001101
100101100110
001100010001
001100100010
010000100010
001100100010
011001100110
000000010000
000000010001
000000010001
000000010001
000100010001
001000010001
001100010001
100110101010
011001010101
101010111011
101110111011
110111001100
101010101010
110011001101
100001110111
110011011110
110111011110
110011011101
111011101110
111011101110
110111011110
110011011101
110011011101
110011011101
110011011101
101010101010
110011011101
110011011101
110011011101
110011011101
101010101010
111111111111
111111111111
111111111111
111111111111
111011101110
100110001000
100110011010
110011011110
110011011101
110011011101
110011011101
110111011110
100001111000
110010111100
110010111100
110010111100
110010111100
110010111100
110010111100
110010111100
110011001100
101010001000
110111001100
101110011010
110010111100
110011001100
110010111100
001000010001
001100100010
001100010010
000000000000
000000100001
010001010101
000000010000
000000010001
000000010001
000000010001
000000010001
000000000000
100110011010
100110001001
100010001000
100010001000
101010101011
101110111011
101110101010
101110101011
100110001000
110011011110
110111011110
110011011101
111011101110
111011101110
110011011101
110011011101
110011011101
110011011101
110011011101
101010101010
110011011101
110011011101
110011011101
110011011101
101010101010
111111111111
111111111111
111111111111
111111111111
111111111111
111111111111
111011011101
100110001000
101010101010
110011011110
110011011110
110011011101
110011011101
110010111100
110010111100
110010111100
110010111100
110010111011
110010111011
110010111100
101110101010
101110101010
110111001100
101010001000
110011001100
110111001100
101010001000
010100100010
001100010010
010101010101
101110111011
001000110010
001000110010
000000010001
000100100001
000000100001
000000100001
000000100001
000000010000
011001110111
111111101111
101110111100
011001010101
101010101011
101010101011
101010101010
101110001000
101110101010
110011011110
110011011101
110011011101
111011101110
111011101110
110011011101
110011011101
110011011101
110011011101
101110111100
101110111100
110011011101
110011011101
110011011101
110011011101
101010101010
111111111111
111111111111
111111111111
111111111111
111111111111
111111111111
111111111111
111111111111
110111011101
100110011001
100110011001
110011001101
110011011110
110010111100
110010111011
110010111011
110010111011
110010111011
110010111011
110010111100
101010001000
110010111100
110010111100
100101110111
110111001100
110011001100
101110000111
001000000000
101010011010
101110111011
111111111111
010101010101
000000010000
000100100001
000100100001
000100100001
000100100001
000100100001
000000010000
010101010101
111011101111
111011101110
100110001001
011001010101
101010111011
100010001001
110001110111
101110101010
110011011110
110011011101
110111011110
111011101110
110111011101
110011011101
110011011101
110011011101
110011011101
101010101011
110011001101
110011011101
110011011101
110011011101
110011011101
101110101010
111111111111
111111111111
111111111111
111111111111
111111111111
111111111111
111111111111
111111111111
111111111111
111111111111
111111101110
101110101010
100110011001
110010111011
110010111011
110010111011
110010111011
110010111011
110010111011
110010111011
101010001000
110110111100
101110101010
100101110111
110111001100
101110101010
110001110111
011101100111
110011011101
000000000000
010101100101
001101000011
000000100001
000100100001
000100100001
000100100001
000100100001
000100100001
000000010000
010001000100
111011101111
110111011110
110010111100
100010001000
011101110111
011001010110
010000100010
101110101011
110011011110
110011011101
110111101110
111011101110
110011011101
110011011101
110011011101
110011011101
110011011101
100110101010
110011011101
110011011101
110011011101
110011011101
110011011101
101010101010
111111111111
111111111111
111111111111
111111111111
111111111111
111111111111
111111111111
111111111111
111111111111
111111111111
111111111111
111111111111
111111111111
110010111011
110010111011
110010111011
110010111011
110010111011
110010111011
101110011001
110010101010
110111001100
101001110111
101110011001
110111001100
101010000111
111010101001
111011011110
100110011001
000000000000
000100100001
001000110010
000000100001
000000000000
000000010001
000100100001
000100100001
000100100001
000000010000
010001010101
111011101111
110111011110
110111011101
101110111011
100110011001
011101010101
010000100010
101010101011
110011011101
110011011101
111011101110
110111011110
110011011101
110011011101
110011011101
110011011101
110011011110
100110011010
110011011101
110011011101
110011011101
110011011101
110011001101
100010001000
111111111111
111111111111
111111111111
111111111111
111111111111
111111111111
111111111111
111111111111
111111111111
111111111111
111111111111
111111111111
111111111111
110010111011
110010111011
110010111011
110010111011
110010111011
110110111011
101010001000
110110111100
101110101010
110001110111
110010101010
101110101011
110010001000
111010111011
111111111111
011101110111
000000000000
000100110001
001001000010
000100100001
000000000000
000000010001
000100100001
000000010001
000100100001
000000010000
011001100110
111111101111
110111011101
110111011110
110011001100
011101100111
001100010001
001100010001
110011001100
110011011101
110011011101
111011101110
110011011101
110011011101
110011011101
110011011101
110011011101
101110111100
101010111011
110011011101
110011011101
110011011101
110011011101
101111001100
101010101010
110111011101
111111111111
111111111111
111111111111
111111111111
111111111111
111111111111
111111111111
111111111111
111111111111
111111111111
111111111111
111111111111
110010111011
110010111011
110010111011
110010111011
110010111011
110010111011
101010011001
110010111011
101101110111
110110101001
110010111100
101110001000
111010101010
111011001100
111111111111
011001100110
000000010000
011010110101
011010110101
001101010010
000100100001
001101010010
011010100100
010010000011
001001010010
000000000000
100110011001
111111111111
111011101110
110111011110
110011001101
010101000100
001100010010
010000100010
110011001101
110011011101
110111011110
110111011110
110011011101
110011011101
110011011101
110011011101
110011011110
100110011001
110011001101
110011011101
110011011101
110011011101
110011011101
101010111011
101110111011
110010111011
111111111111
111111111111
111111111111
111111111111
111111111111
111111111111
111111111111
111111111111
111111111111
111111111111
111111111111
111111111111
110010111011
110010111011
110010111011
110010111011
110010111011
101110011001
110010111011
101010001000
111010111010
110110111011
101110111011
110010011000
111011001011
111111011101
111111111111
010101100110
000000010001
011111000101
011010110101
001101010010
000000100000
010001110011
011010110101
011010100101
011010100101
000000000000
110011001100
111111111111
111111111111
111111111111
101110111100
001100010001
001100010010
010000110011
110011011101
110011011101
110111101110
110011011101
110011011101
110011011101
110011011101
110011011101
110011011110
011101110111
110011001101
110011011101
110011011101
110011011101
110011011110
100110101010
101110111100
101110111011
111111101110
111111111111
111111111111
111111111111
111111111111
111111111111
111111111111
111111111111
111111111111
111111111111
111111111111
111111111111
110010111011
110010111011
110010111011
110010111011
110110111011
101110011001
101110011001
110110011001
111111011101
110010111010
110010101001
111010111011
111011011101
111111011101
111111111111
011001100110
000000010000
011111010110
011111010101
010010010011
000000010000
011011000101
011010110101
011010110101
001101100010
000000000000
111111111111
111111111111
111111111111
111111111111
100110001000
001000010001
010100100011
100001110111
110011011101
110011011101
110111011110
110011011101
110011011101
110011011101
110011011101
110011011110
101010101010
101010101010
101110111100
110011011101
110011011101
110011011101
110011011110
100110011001
101110111100
110011001100
110011001100
111111111111
111111111111
111111111111
111111111111
111111111111
111111111111
111111111111
111111111111
111111111111
111111111111
111111111111
110010111011
110010111011
110010111011
110010111011
110110111011
101010001000
110010011000
111111011100
111111011100
110010101010
110110101010
111011011100
111111011101
111111011101
111111111111
011001110111
000000010000
100011100110
100011100110
100011110110
011111100101
011111100101
011111000101
101011011001
101110111011
110011001100
111111111111
111111111111
111111111111
111111111111
001100100010
010000100010
111010011000
101010011010
110011011110
110011011101
110011011101
110011011101
110011011101
110011011101
110011011101
110011011101
100010001000
101110111100
101010101011
110011011101
110011011101
110011011101
110011011110
100110011001
101110111100
101111001100
101110111011
111111111111
111111111111
111111111111
111111111111
111111111111
111111111111
111111111111
111111111111
111111111111
111111111111
111111111111
110010111011
110010111011
110010111011
110010111011
110010101010
101001110111
111011001100
111111011101
110110111011
110010101010
111011001100
111111011101
111111011101
111111011101
111111101110
100110011001
000000000000
100011100110
100011110110
100011110110
100011110110
100111110111
111111111111
111111111111
111111101111
111111111111
111111111111
111111111111
111111111111
101010011001
010000110011
111110111010
110001110111
101111001100
110011011101
110011011101
110011011101
110011011101
110011011101
110011011101
110011011110
100110011010
101010111011
101110111100
101010101010
110011011110
110011011101
110011011101
110011001101
100110011001
101110111100
101110111100
101110111011
110111011101
111111111111
111111111111
111111111111
111111111111
111111111111
111111111111
111111111111
111111111111
111111111111
111111111111
110010111011
110010111011
110010111011
110110111011
101010001000
111010111010
111111011101
111011011100
110010101010
111011001100
111111011101
111111011101
111111011101
111111011101
111111101110
110111011101
000000000000
011111000101
100111110111
100111110111
100111110110
101011111000
111111111111
111111111111
111011101110
111111111111
111111111111
111111111111
111011101110
100110000111
111111011100
111010101001
101001110111
110011011110
110011011101
110011011101
110011011101
110011011101
110011011101
110011011101
101111001100
100110011001
101111001100
101110111100
101010101010
110011011110
110011011101
110011011110
101010101010
101010111011
101110111100
101110111100
101111001100
101110111011
111111111111
111111111111
111111111111
111111111111
111111111111
111111111111
111111111111
111111111111
111111111111
111111111111
110010111011
110010111011
110010111011
110010111011
101110001000
111011001011
111111011101
111011011100
111011001100
111111101101
111111011101
111111011101
111111011101
111111101101
111111101101
111111111111
000000000000
010110000100
101111111000
101011110111
101011110111
101011110111
001101100011
000000010001
111011101110
111111111111
111111111111
111111101110
111011011100
111111011101
111010111011
110110011000
100110011001
110011011110
110011011101
110011011101
110011011101
110011011101
110011011101
110011011110
100001111000
101111001100
101110111100
101110111100
101010101010
110011011110
110011011101
110011011110
100110011001
101110111100
101110111100
101110111100
101110111100
101110111011
111011101110
111111111111
111111111111
111111111111
111111111111
111111111111
111111111111
111111111111
111111111111
111111111111
110010111011
110010111011
110010111011
110010111011
101110011000
111011011100
111111101101
111011011101
111111101101
111111101101
111111101101
111111101101
111111101101
111111101101
111111011101
111111111111
010001010101
000000000000
010101110100
011010000100
011010010100
010001110011
000000000000
101111001100
111111111111
111111101110
111111011101
111111011101
111111011101
111011011100
111010111010
101101110111
101010111100
110011011101
110011011101
110011011101
110011011101
110011011101
110111011110
011101110111
100110101010
101110111100
101110111100
101110111100
101010101010
110011011110
110011011101
110011011101
100110011001
101110111100
101110111100
101110111100
101110111011
110011001100
101110111011
111111111111
111111111111
111111111111
111111111111
111111111111
111111111111
111111111111
111111111111
111111111111
101110011001
110010111011
110010111011
110010111100
110010011000
111011011101
111111101101
111111101101
111111101101
111111101101
111111101101
111111101101
111111011101
111111101101
111111101101
111111101110
111011101111
011001100110
001000110011
000000010001
000100010001
001101000100
110011001100
111111111111
111111101101
111111011101
111111011101
111111011101
111111011101
111011001100
111010101010
100001100110
110011011110
110011011101
110011011101
110011011101
110011011101
110111101110
100001111000
100010011001
100010011010
101110111100
101110111100
101110111100
100110101010
110011011110
110011011110
100110101010
101110111100
101110111100
101110111100
101110111100
101110111100
101110111100
101010101010
111011101110
111111111111
111111111111
111111111111
111111111111
111111111111
111111111111
111111111111
111111111111
111011011101
101110101010
110010111100
110010111011
110010101001
111011011101
111111101101
111111101101
111111101101
111111101101
111111101101
111111011101
111111101110
111111101101
111111011101
111111011101
111111101101
111111111111
111111111111
110111001100
110111001100
111011011101
111011011101
111111011101
111111011101
111111011101
111111011101
111111101101
111011011101
111010111011
110010001000
100110011010
110011011110
110011011101
110011011101
110011011101
110111011110
011101110111
100010011001
100010011010
100010011010
101110111100
101110111100
101110111011
101010101010
110011011110
110011011110
100010001001
101110111100
101110111100
101110111100
101110111100
101110111100
101110111100
101111001100
101110101010
111111111111
111111111111
111111111111
111111111111
111111111111
111111111111
111111111111
111111111111
111111101101
111011011100
110010111011
110010101011
110110101010
111011011101
111111101101
111111101101
111111101101
111111101101
111111101101
111111011101
111111101101
111111101101
111111011101
111111011101
111111011101
111111011101
111111011101
111111011101
111111101101
111111101101
111111011101
111111011101
111111011101
111111011101
111111011101
111111101101
111011011100
111010111011
011001000100
110011011110
110011011101
110011011101
110011011110
110011011101
011101110111
100010011010
100010011010
100010011010
100010011010
101010111011
101110111100
101010101011
101010111011
110011011110
101010101010
101010111011
101110111100
101110111100
101110111100
101110111100
101110111100
101110111100
101110111100
101010101010
111011101110
111111111111
111111111111
111111111111
111111111111
111111111111
111111111111
111111111111
111111101101
111111101110
111011011100
101110101010
110110101010
111111011101
111111101101
111111101101
111111101101
111111101101
111111011101
111111011101
111111011101
111111011101
111111011101
111111011101
111111011101
111111011101
111111011101
111111011101
111111011101
111111011101
111111011101
111111011101
111111011101
111111011101
111111101101
111011011101
111111001100
100101100110
100110101010
110011011110
110011011101
110111011110
101110111011
011001100111
100010011010
100010011010
100010011010
100010011010
100010011010
101010101011
101110111100
101010101010
101111001100
110111011110
100010001001
101110111100
101010111011
101110111100
101110111100
101110111100
101110111100
101110111100
101110111100
101111001100
101010101010
111111111111
111111111111
111111111111
111111111111
111111111111
111111111111
111111111111
111111101101
111111101101
111111101110
111011011101
110110111011
110111001100
111111101110
111111101101
111111101101
111111101101
111111101101
111111011101
111111011101
111111011100
111111011100
111111011100
111111011100
111111011100
111111011100
111111011100
111111011100
111111011100
111111011101
111111011101
111111011101
111111011101
111111011101
111011011100
111010111010
011001010101
110111101110
110011011110
110011011110
100010001000
011101111000
100010011010
100010011010
100010011010
100010011010
100010011010
100010011010
100110101011
101111001100
100110011010
110011001101
101010101010
101010111011
101110111100
101010101011
101110111100
101110111100
101110111100
101110111100
101110111100
100110011010
101110111100
101010101010
110111011101
111111111111
111111111111
111111111111
111111111111
111111111111
111111111111
111111101101
111111101101
111111101101
111111101110
111011011101
110111001100
111111101110
111111101101
111111101101
111111101101
111111011101
111111011101
111111011100
111111011100
111111011100
111111011100
111111011100
111111001100
111111011100
111111011100
111111011100
111111011100
111111011100
111111011101
111111011101
111111011101
111011011101
111111001100
100001100110
110011011101
110011011110
101010111011
011101110111
011110001001
011110001001
100010011010
100010011010
100010011010
100010011010
100010011010
100010011010
100110011010
101111001100
100110011001
110011011101
100110011001
101110111100
101110111100
101010111011
101010111011
101110111100
101110111100
101110111100
101110111100
100110101010
100110101010
101111001100
100110011001
111111111111
111111111111
111111111111
111111111111
111111111111
111111111111
111111101101
111111101101
111111101101
111111101101
111111101101
111111101101
111111101101
111111101101
111111101101
111111101101
111111011101
111111011101
111111011100
111111011100
111111011100
111111011100
111111011100
111111001100
111111011100
111111001100
111111001100
111111011100
111111011100
111111011100
111111011100
111111011101
111111011101
110010011001
101010111100
101111001100
101010101011
100110101010
100010011010
100010011010
011101111000
100010011010
100010011010
100010011010
100010011010
100010011010
100010011010
100010011010
101111001100
100110011010
100110101010
101110111100
101110111100
101110111100
101110111100
101010101011
101110111100
101110111100
101110111100
101110111100
101111001100
011110001000
101110111100
101010111011
101110111011
111111111111
111111111111
111111111111
111111111111
111111111111
111111101101
111111101101
111111101101
111111101101
111111101101
111111101101
111111101101
111111101101
111111101101
111111101101
111111101101
111111011101
111111011100
111111011100
111111011100
111111011100
111111011100
111111011100
111111001100
111111011100
111111001100
111111011100
111111011100
111111011100
111111011101
111111011101
101110101001
100010001001
101010111011
101111001100
110011011110
100110011010
100010011010
100010011010
011101110111
100010011010
100010011010
100010011010
100010011010
100010011010
100010011010
100010011010
101110111100
100010001001
101010101011
101110111100
101110111100
101110111100
101110111100
101010111011
101010111011
101110111100
101110111100
101110111100
101110111100
100110011001
100110101011
101111001100
100110011001
111011101110
111111111111
111111111111
111111111111
111111111111
111111101101
111111101101
111111101101
111111101101
111111101101
111111101101
111111101101
111111101101
111111101101
111111101101
111111011101
111111011101
111111011101
111111011101
111111011101
111111011100
111111011100
111111011100
111111011100
111111011100
111111001100
111111011100
111111011100
111111011100
111111011101
111011011100
100001100110
101010111100
110011011101
101111001101
110011011101
100010001001
100010011010
100010011010
011101111000
100010011001
100010011010
100010011010
100010011010
100010011010
100010011010
100010011010
101010101011
100110101010
101110111100
101110111100
101110111100
101110111100
101110111100
101110111100
101010101010
101110111100
101110111100
101110111100
101110111100
101110111100
011110001000
101110111100
101110111100
100110011001
111111111111
111111111111
111111111111
111111111111
111111101101
111111101101
111111101101
111111101101
111111101101
111111101101
111111101101
111111101101
111111101101
111111101101
111111101101
111111101101
111111011101
111111011101
111111011101
111111011101
111111011101
111111011101
111111011101
111111011101
111111011100
111111011101
111111011101
111111011101
111011011101
110110111010
011101110111
110011011110
101111001101
101111001101
110011001101
011110001000
100010011010
100010011010
100010011001
011101111000
100010011010
100010011010
100010011010
100010011010
100010011010
100010011010
100110101010
101110111100
101110111100
101110111100
101110111100
101110111100
101110111100
101110111100
101010101011
101010111011
101110111100
101110111100
101110111100
101111001100
100010001000
100010011010
101111001100
101010111011
101110101010
111111111111
111111111111
111111111111
111111101101
111111101101
111111101101
111111101101
111111101101
111111101101
111111101101
111111101101
111111101101
111111101101
111111101101
111111101101
111111101101
111111011101
111111011101
111111011101
111111011101
111111011101
111111011101
111111011101
111111011100
111111011101
111111011101
111011011101
111111011100
011101010110
110011011110
110011011101
101111001101
101111001101
110011001101
011101111000
100010011010
100010011010
100010011010
011001100111
100010011010
100010011010
100010011010
100010011010
100010011010
100010011010
100010011010
101110111100
101010111011
101110111100
101110111100
101110111100
101110111100
101110111100
101110111100
100110101010
101110111100
101110111100
101110111100
101110111100
101110111100
010001000100
101010111011
101111001100
101010101010
110111001100
111111111111
111111111111
111111101101
111111101101
111111101101
111111101101
111111101101
111111101101
111111101101
111111101101
111111101101
111111101101
111111101101
111111101101
111111101101
111111101101
111111101101
111111101101
111111101101
111111011101
111111011101
111111011101
111111011101
111111101101
111111101101
111111011101
100001100110
100110101011
111011101110
110011011101
101111001101
101111001101
101110111100
011110001001
100010011010
100010011010
100010011010
011101110111
100010011010
100010011010
100010011010
100010011010
100010011010
100010011010
100010011010
101110111100
101010101010
101110111100
101110111100
101110111100
101110111100
101110111100
101110111100
101010101010
101010111011
101110111100
101110111100
101110111100
101111001100
101010011010
011101111000
101010111011
101111001100
100110011001
111011101110
111111111111
111111101101
111111101101
111111101101
111111101101
111111101101
111111101101
111111101101
111111101101
111111101101
111111101101
111111101101
111111101101
111111101101
111111101101
111111101101
111111101101
111111101101
111111101101
111111101101
111111101101
111111101101
111111101101
111111101101
101010001000
100010011001
111011101110
111011101110
110011011101
101111001101
101111001101
101010111011
011110001001
100010011010
100010011010
100010011010
100010001001
011101111000
100010011010
100010011010
100010011010
100010011010
100010011010
100010011010
101010101011
101010111011
101010101011
101110111100
101110111100
101110111100
101110111100
101110111100
101110111100
100110011001
101110111100
101110111100
101110111100
101110111100
101110111100
110011001100
011101111000
100110101010
101111001100
100110001000
111111111111
111111101101
111111101101
111111101101
111111101101
111111101101
111111101101
111111101101
111111101101
111111101101
111111101101
111111101101
111111101101
111111101101
111111101101
111111101101
111111101101
111111101101
111111101101
111111101101
111111101101
111111101101
111111101110
101110011001
100010001001
110111101110
111011101110
111011101110
110011011101
101111001101
110011001101
101010101011
100010011001
100010011010
100010011010
100010011010
100010011010
011001100111
100010011010
100010011010
100010011010
100010011010
100010011010
100010011010
100110101010
101111001100
100110011001
101110111100
101110111100
101110111100
101110111100
101110111100
101110111100
101010101010
101010111011
101110111100
101110111100
101110111100
101110111100
101110111011
111111111110
011110001000
100010011010
101111001100
100110011001
111011011101
111011011101
111111101101
111111101101
111111101101
111111101101
111111101101
111111101101
111111101101
111111101101
111111101101
111111101101
111111101101
111111101101
111111101101
111111101101
111111101101
111111101101
111111101101
111111101101
111111111110
101110011001
010001000100
101010111011
111011101110
111011101110
111011101110
110011011101
101111001101
110011001101
101010101010
100010011001
100010011010
100010011010
100010011010
100010011010
011001110111
100010011010
100010011010
100010011010
100010011010
100010011010
100010011010
100010011010
101110111100
101110111011
100110011010
101110111100
101110111100
101110111100
101110111100
101110111100
101111001100
100110011001
101111001100
101110111100
101110111100
101110111100
101110111100
110011001100
111111111111
100010001000
011110001001
101110111100
110010111011
111011011101
111111101101
111111101101
111111101101
111111101101
111111101101
111111101101
111111101101
111111101101
111111101101
111111101101
111111101101
111111101101
111111101101
111111101101
111111101101
111111101101
111111101110
111111101110
101010000111
010101010101
100010101010
100110101010
111011111111
111011101110
111011101110
110011011101
101111001101
110011001101
101010101011
011110001000
100010011010
100010011010
100010011010
100010011010
100010001001
011101111000
100010011010
100010011010
100010011010
100010011010
100010011010
100010011010
101010111011
101110111100
101010101010
101010101011
101110111100
101110111100
101110111100
101110111100
101110111100
100110011010
101010101010
101110111100
101110111100
101110111100
101110111100
101110111100
110111011101
111111111111
101010101010
011001111000
111111101110
111111101101
111111101101
111111101101
111111101101
111111101101
111111101101
111111101101
111111101101
111111101101
111111101101
111111101101
111111101101
111111101101
111111101101
111111101101
111111101101
111111101110
111111101101
011101100101
011001100111
100010101010
100010011010
100110101010
111111111111
111011101110
111011101110
110111011110
101111001101
101111001101
101010111100
011001110111
100010011010
100010011010
100010011010
100010011010
100010011010
011001100111
100010011010
100010011010
100010011010
100010011010
100010011010
100010011010
100110011010
101110111100
101111001100
100110011001
101110111100
101110111100
101110111100
101110111100
101110111100
101111001100
011110001000
101111001100
101110111100
101110111100
101110111100
101110111100
101110111011
111011101110
111111111111
110111011101
111111101101
111111101101
111111101101
111111101101
111111101101
111111101101
111111101101
111111101101
111111101101
111111101101
111111101101
111111101101
111111101101
111111101101
111111101101
111111101110
111111111110
110010101010
010101000100
011110001001
100010011010
100010011010
100010011010
100010001001
111111111111
111011101110
111011101110
111011101110
101111001101
101111001101
101111001101
011001100111
100010011010
100010011010
100010011010
100010011010
100010011010
011001110111
100010011001
100010011010
100010011010
100010011010
100010011010
100010011010
100010011010
101110111011
101110111100
101110111100
100010011001
101111001100
101110111100
101110111100
101110111100
101110111100
101010101011
100110011001
101110111100
101110111100
101110111100
101110111011
101111001100
110010111011
111111111111
111111111111
111111101101
111111101101
111111101101
111111101101
111111101101
111111101101
111111101101
111111101101
111111101101
111111101101
111111101101
111111101101
111111101101
111111101110
111111111110
110111001100
011001000100
010101010110
100010011010
100010011010
100010011010
100010011010
100010011010
011110001001
111011101110
111011101110
111011101110
111011101110
110011011101
101111001101
110011001101
011101110111
011110001001
100010011010
100010011010
100010011010
100010011010
100010011010
011001100110
100010011010
100010011010
100010011010
100010011010
100010011010
100010011010
100110101010
101110111100
101110111100
101010101011
100110011010
101110111100
101110111100
101110111100
101110111100
101111001100
100010001000
101111001100
101110111100
101110111100
101110111100
101110111011
110011001100
110011001100
111111111111
111111101101
111111101101
111111101101
111111101101
111111101101
111111101101
111111101101
111111101101
111111101101
111111101101
111111101101
111111101110
111111111110
111011011100
011001010100
010000110100
100010011001
100010011010
100010011010
100010011010
100010011010
100010011010
100010011010
011110001001
110011001100
111011101110
111011101110
111011101110
110111011110
101111001101
110011011101
011110001000
011110001000
100010011010
100010011010
100010011010
100010011010
100010011010
011001100110
100010011010
100010011010
100010011010
100010011010
100010011010
100010011010
100010011010
101110111100
101110111100
101111001100
100110011001
101010111011
101110111100
101110111100
101110111100
101110111100
101110111100
100010001000
101111001100
101110111100
101110111100
101110111100
101110111011
110011001100
110111011101
111111101101
111111101101
111111101101
111111101101
111111101101
111111101101
111111101101
111111101101
111111101101
111111101110
111111111110
110110111011
011001010101
010001000100
100010001001
100010101010
100010011010
100010011010
100010011010
100010011010
100010011010
100010011010
100010011010
100010011010
101010101010
111111111111
111011101110
111011101110
111011101110
101111001101
110011011101
100010001000
011110001001
100010011001
100010011010
100010011010
100010011010
100010011010
100010011010
011001100111
100010011010
100010011010
100010011010
100010011010
100010011010
100010011010
100110101011
101110111100
101110111100
101111001100
100010001001
101110111100
101110111100
101110111100
101110111011
101110111100
100110011010
101010101010
101110111100
101110111100
101110111100
101110111100
101110111100
110011001100
111111101101
111111101101
111111101101
111111101101
111111101101
111111101101
111111101110
111111111110
111111101110
101110101001
011001010101
011001100110
100010011010
100010011010
100010011010
100010011010
100010011010
100010011010
100010011010
100010011010
100010011010
100010011010
100010011010
100010011010
100010001000
111111111111
111011101110
111011101110
111011101110
110011011101
101111001101
100110011010
100010011010
011110001000
100010011010
100010011010
100010011010
100010011010
100010011010
011001100111
100010011010
100010011010
100010011010
100010011010
100010011010
100010011010
100010011010
101110111100
101110111100
101110111100
101110111100
100010001001
101111001100
101110111100
101110111100
100110101010
101111001100
100010001000
101110111100
101110111100
101110111100
101110111100
101110111011
101111001100
111111101101
111111101101
111111101101
111111101101
111111101110
111111111110
110111001100
011101100110
010101000101
011101111000
100010011010
100010011010
100010011010
100010011010
100010011010
100010011010
100010011010
100010011010
100010011010
100010011010
100010011010
100010011010
100010011010
100010011010
011110001001
110111001100
111011101110
111011101110
111011101110
110111101110
101111001101
101111001101
011101111000
011110001000
100010011010
100010011010
100010011010
100010011010
100010011010
100110101010
011001100111
100010011010
100010011010
100010011010
100010011010
100010011010
100010011010
101010101011
101110111100
101110111100
101110111100
101010101011
100110011010
101110111100
101110111100
101110111100
100110011010
101010111011
100010001001
101111001100
101110111100
101110111100
101110111100
101110111100
111111101101
111111101110
111111101110
111111111110
110010111011
011001010101
010101010101
100010011010
100010011010
100010011010
100010011010
100010011010
100010011010
100010011010
100010011010
100010011010
100010011010
100010011010
100010011010
100010011010
100010011010
100010011010
100010011010
100010011010
100010011001
101110101010
111111111111
111011101110
111011101110
111011101110
110011001101
110011011101
011110001000
100010011001
011110001001
100010011010
100010011010
100010011010
100010011010
100110101010
011101110111
100010011010
100010011010
100010011010
100010011010
100010011010
100010011010
100010011010
101110111100
101110111100
101110111100
101111001100
100110011001
101010111011
101110111100
101110111100
101110111100
100110101010
100010011001
100110101010
101110111100
101110111100
101110111100
101110111100
111111111110
110111001100
100110001000
011001010101
011001110111
100010101010
100010011010
100010011010
100010011010
100010011010
100010011010
100010011010
100010011010
100010011010
100010011010
100010011010
100010011010
100010011010
100010011010
100010011010
100010011010
100010011010
100010011010
100010011010
100010011001
110010111011
111011101110
111011101110
111011101110
111011101110
110111101110
101111001101
101010101011
011110001001
011101111000
100010011010
100010011010
100010011010
100010011010
100010011010
101010111011
010101010110
100010011010
100010011010
100010011010
100010011010
100010011010
100010011010
101010101011
101110111100
101110111100
101110111100
101111001100
100010001000
101110111100
101110111100
101110111100
101110111100
101010101010
011110001000
101010111100
101110111100
101110111100
101110111100
010101000100
100101100110
101110001000
010001000100
010101100110
011001110111
100010011001
100010101010
100010011010
100010011010
100010011010
100010011010
100010011010
100010011010
100010011010
100010011010
100010011010
100010011010
100010011010
100010011010
100010011010
100010011010
100010011010
100010011010
011110001001
111011101110
101110111011
111111111111
111011101110
111011101110
111011101110
110011011101
110011011101
011101111000
011110001001
100010011010
100010011010
100010011010
100010011010
100010011010
101010111100
011101110111
011110001001
100010011010
100010011010
100010011010
100010011010
100010011010
100010011010
101110111100
101110111100
101110111100
101110111100
101110111100
100110001001
101111001100
101110111100
101110111100
101111001100
100110011001
011101111000
101110111100
101110111100
101110111100
111111001011
111111011100
101110011000
000100010010
001100110011
010001000100
010101000101
010101010101
011001100111
100010001001
100110101010
100010011010
100010011010
100010011010
100010011010
100010011010
100010011010
100010011010
100010011010
100010011010
100010011010
100010011010
100010011010
100010011010
100010001001
111111111111
100010001000
111111111111
111011101110
111011101110
111011101110
111011101110
101111001101
101010111100
011001110111
011110001001
100010011010
100010011010
100010011010
100010011010
100110101010
101111001100
011001010101
100010011010
100010011010
100010011010
100010011010
100010011010
100010011010
101010101011
101110111100
101110111100
101110111100
101110111100
101010101010
101010101010
101110111100
101110111100
101110111100
101111001100
100110011001
011101111000
101110111100
101110111100
111111001011
111111001011
101110001000
000000000001
000100100010
001000100010
001100110011
010001000100
010101010101
010001000100
010001000100
010101100110
011110001001
100110101010
100010011010
100010011010
100010011010
100010011010
100010011010
100010011010
100010011010
100010011010
100010011010
100010011010
100110011001
111111111111
100110011010
101110101010
111111111111
111011101110
111011101110
111011101110
110111101110
110011011101
100010001001
011001110111
100010011010
100010011010
100010011010
100010011010
100010011010
101111001100
100110011001
011001100111
100010011010
100010011010
100010011010
100010011010
100010011010
100010011010
101110111100
101110111100
101110111100
101110111100
101111001100
100010001001
101110111100
101110111100
101110111011
101110111100
101111001100
100110011001
011101111000
101110111100
111111001011
111111001011
101001110111
101110011000
000100010001
000100010010
000100100010
001000100010
001100110011
010101000101
010101010101
010101010101
010001000100
010001000100
010101010110
011101111000
100010011010
100010101010
100010011010
100010011010
100010011010
100010011010
100010011010
100010011010
101110111011
111111111111
101010101010
011101111000
111111101110
111111111111
111011101110
111011101110
111011101110
110111011110
110011011101
010101010101
100010011010
100010011010
100010011010
100010011010
100010011010
101010111011
101110111100
100001110111
011110001001
100010011010
100010011010
100010011010
100010011010
100010011010
101010101011
101110111100
101110111100
101110111100
101110111100
101111001100
100010001000
101111001100
101110111100
101010111011
101110111100
101111001100
100110011010
011101111000
111111001011
111111001011
100101110111
111111001011
111111001011
010000110011
000100010010
001000100010
001000100010
001000100010
010001000100
010101010101
010101010101
010101010101
010101010101
010001000100
010001000100
010101010101
011001100111
011110001001
100010101010
100010011010
100010011010
011110001001
110111011101
111111111111
101010101010
011110011010
100110011001
111111111111
111011111111
111011101110
111011101110
111011101110
110011011110
101111001101
011001100110
100010011010
100010011010
100010011010
100010011010
100110101010
101111001100
101010101011
011101110111
100010011010
100010011010
100010011010
100010011010
100010011010
100010011010
101110111100
101110111100
101110111100
101110111100
101110111100
101010101011
100110011001
101110111100
101110111100
101010111011
101110111011
101111001100
101010101011
111111001011
111111001011
100101110110
111011001011
111111001011
111111011100
101010001000
001000100010
000100100010
001000100010
001000100010
001100110011
010101010110
010101010101
010101010101
010101010101
010101010101
010101010101
010101010101
010001000100
010001000100
100010011010
100010011010
100010001001
111111111111
111111111111
101010101010
100010011010
011110001001
110011001100
111111111111
111011101110
111011101110
111011101110
111011101110
110011011110
101010111100
011001110111
100010011010
100010011010
100010011010
100010011010
101110111100
101110111011
110010111011
011001100110
100010011010
100010011010
100010011010
100010011010
100010011010
101010101011
101110111100
101110111100
101110111100
101110111100
101111001100
100110001001
101110111011
101110111100
101110111100
101010111011
101010111011
101110111100
111111001011
111111001011
100101110111
111011001011
111111001011
111111001011
111111011100
111111001011
011101100101
000100100010
000100010010
000100100010
010001000100
010101100110
010101010101
010101010101
010101010101
010101010101
010101010101
010101010101
010001000100
100110101011
100010011010
101111001100
111111111111
111111111111
101010101010
100010011010
100010011010
011101111000
111111101110
111111111111
111011101110
111011101110
111011101110
111011101110
110011011110
101010101011
011001110111
100010011010
100010011010
100010011010
101010111011
101110111100
100110011010
110011001100
011001110111
100010011010
100010011010
100010011010
100010011010
100010011010
101110111100
101110111100
101110111100
101110111100
101110111100
101110111100
100010001000
101111001100
101110111100
101110111100
101010111011
101010111011
111111001011
111111001011
100101110111
111010111011
111111001011
111111001011
111111001011
111111001011
111111001011
111010111011
100101110111
010000110011
000100010010
010101010101
010101010110
010101010110
010101010101
010101010101
010101010101
010101010101
001100110011
010001000101
010001000101
011101110111
101010011001
110011001100
100110011001
100010011010
100010011010
100010011010
100010001000
111111111111
111111111111
111011101110
111011101110
111011101110
111011101110
110011011110
101010111011
011001100111
100010011010
100010011010
100110101011
101110111100
101010111011
110111011101
100110001000
011110001001
100010011010
100010011010
100010011010
100010011010
100110101011
101110111100
101110111011
101110111100
101110111100
101110111100
101010101010
100110011001
101110111100
101110111100
101110111100
101010101011
111111001011
111111001100
100101110111
111011001011
111111001011
111111001011
111111001011
111111001011
111011001011
111111001011
111111001011
111111001011
110110101010
001100110011
011001100110
010101100110
010101010110
010101010110
010101010110
010001000100
001100110100
001101000100
001100110100
001100110011
001100110011
001100110011
001100110011
001100110011
010101100110
100010011010
100010011010
100110011001
111111111111
111111111111
111011101110
111011101110
111011101110
111011101110
110111011110
101010111100
011001100111
100010011010
100110101010
101110111100
101110111100
100110011001
111111111111
011001100110
100010011010
100010011010
100010011010
100010011010
100010011010
101110111100
101010111011
101110111100
101110111100
101110111100
101111001100
100010001001
101110111011
101110111100
101110111100
101010101011
111111001011
111111011100
100101110111
111011001011
111111001011
111111001011
111111001011
111111001011
111011001011
111011001011
111011001011
111111001011
111111011100
010001000100
011001100110
011001100110
011001100110
010101100110
011001100110
001100110011
010001000100
010001000100
010001000100
010001000100
010001000100
001101000100
001100110100
010001000100
001100110011
001100110011
011001100110
011110001001
101110101010
111111111111
111011111111
111011101110
111011101110
111011101110
111011101110
110111101110
101111001101
011001100111
100010011010
101110111100
101110111100
100110011010
111011101101
111111111110
010101010110
100010011010
100010011010
100010011010
100010011010
101010101011
101110111100
101010101011
101110111100
101110111100
101110111100
101110111100
100010001000
101111001100
101110111100
101110111100
111111001100
111111011100
100110000111
111011001100
111111001011
111111001011
111111001011
111111001011
111011001011
111111001011
111111001011
111111001011
111111001011
011001010101
011001100110
011001100110
011001100110
011001100110
010101010101
001100110011
010001000100
010001000100
010001000100
010001000100
010001000100
010001000100
001101000100
001100110011
001100110100
001100110100
001100110011
001100110011
010101010101
110010111011
111111111111
111011101110
111011101110
111011101110
111011101110
111011101110
111011101110
110111011110
011101110111
101010101010
101111001100
101110111100
101010101010
111111111111
110011001100
011001110111
100010011010
100010011010
100010011010
100010011010
101110111100
101110111011
101010111011
101110111100
101110111100
101110111100
100110011010
101010101010
101110111100
101110111100
111111011100
111111011100
101010001000
111111001100
111111001011
111111001011
111111001011
111111001011
111111001011
111111001011
111111001011
111111001011
111111001011
100001100110
010101100110
011001100110
011001100110
011001100110
010001000100
010001000100
010001000100
010001000100
010001000100
010001000100
010001000100
010001000100
010001000100
001100110011
001101000100
001100110100
001100110100
001100110100
001100110011
001100100011
110010111011
111111111111
111011101110
111011101110
111011101110
111011101110
111011101110
111011101110
110111101110
101010101010
100010001001
101111001100
100010001001
111111111111
111111111111
100110001000
011110001001
100010011010
100010011010
100010011010
101010101011
101110111100
101010101011
101110111011
101110111100
101110111100
101111001100
100010001000
101111001100
101110111100
111111011100
111111011100
101110011001
111111001100
111111001011
111111001011
111111001011
111111001011
111111001011
111111001011
111111001011
111111001011
111111011100
100110001000
010101010110
011001100110
011001100110
011001100110
001100110011
010001000101
010001000100
010001000100
010001000100
010001000100
010001000100
010001000100
010001000100
001100110011
010001000100
010001000100
010001000100
001101000100
001100110100
001100110100
001000100010
110010111011
111111111111
111011101110
111011101110
111011101110
111011101110
111011101110
111011101110
111011101111
110111011101
100001110111
100110101010
110011001100
111111111111
111111111111
011001100110
100010011010
100010011010
100010011010
100010011010
101110111100
101110111100
101010101010
101110111100
101110111100
101110111100
101010111011
100110011001
101110111100
111111011100
111111011100
110010101010
111111001011
111111001011
111111001011
111111001011
111111001011
111111001011
111010111010
111010111011
111111001100
111111011101
101010011001
010101010101
011001100110
011001100110
010101010101
001100110011
010001000101
010001000100
010001000100
010001000100
010001000100
010001000100
010001000100
010001000100
001100110011
010001000100
010001000100
010001000100
010001000100
010001000100
001101000100
001100110100
001000100010
101110111011
111111111111
111011101110
111011101110
111011101110
111011101110
111011101110
111011101110
111011101110
111111111111
101010011010
100010001000
111111111111
111111111111
111011101101
011001100110
100010011010
100010011010
100010011010
101010111011
101110111100
101110111011
101010101010
101110111100
101110111100
101111001100
100010001000
101111001100
111111011100
111111001100
111111001100
111111001011
111111001011
111111001011
111111001011
111111001011
111111001011
110010101001
111111011100
111111011100
111111101101
101110101010
010001010101
011001100110
011001100110
011001100110
010001000100
010101010101
010001000101
010001000101
010001000101
010001000100
010001000100
010001000100
010001000100
001100110100
010001000100
010001000100
010001000100
010001000100
010001000100
010001000100
010001000100
001100110100
001000100010
101010011001
111111111111
111011101110
111011101110
111111111111
111111111111
111011101110
110111101110
110111101110
111011111111
110111011101
100110001000
110111011101
111111111111
101010011001
011110001001
100010011010
100010011010
100110101010
101110111100
101110111100
101010101010
101110111011
101110111100
101110111100
101110111100
100110011001
111111001100
111111001011
111111001011
111111001011
111111001011
111111001011
111111001011
111111001011
101110011001
111111011100
111111011101
111111011101
111111101110
110010111011
010001000100
011001100110
011001100110
011001100110
010101010101
010001000100
010101010101
010101010101
010101010101
010101010101
010101010101
010001000100
010001000100
010000110100
010001000100
010001000100
010001000100
010001000100
010001000100
010001000100
010001000100
010001000100
010001000100
001000100010
100010001000
111111111111
111011101110
111011101110
111011101110
111011101110
111011101110
110011011101
110111011101
111011101111
111011111111
101110101011
101010011001
111111111111
011001100110
100010011010
100010011010
100010011010
101010111011
101110111100
101110111100
100110011010
101110111100
101110111100
101110111100
101010101010
111111001011
111111001011
111111001011
111111001011
111011001011
111011001011
111111001011
110010011001
111011001100
111111011101
111111101101
111111101101
111111101110
110111001100
010001000100
011001100110
011001100110
011001100110
011001100111
010001000100
010101010101
010101010101
010101010101
010101010101
010101010101
010001000100
010001000100
010001000100
010001000100
010001000100
010001000100
010001000101
010001000101
010001000101
010001000101
010001000100
010001000100
010001000100
001100110011
011101100110
111111111111
111011101110
111011101110
111011101110
111011101110
110111101110
101010101011
110111101110
111011101110
111011101111
111011101110
101010011001
101010011001
011101111000
100010011010
100010011010
100010011010
101110111100
101110111100
101010111011
101010101010
101110111100
101110111100
101111001100
111111001011
111111001011
111011001011
111011001011
111011001011
111111001011
110010011001
110111001011
111111101101
111111101101
111111101101
111111101101
111111101110
110111011100
010001000100
011001100110
011001100110
011001100110
011001100111
010001000100
010101010101
010101010101
010101010101
010101010101
010101010101
010001000101
001100110100
010001000100
010001000100
010001000100
010001000101
010001000101
010001000101
010001000101
010101010101
010001010101
010001000100
010001000100
010001000100
001100110011
010101010101
111111111111
111011101110
111011101110
111011101110
111011101110
110011011110
100010001001
110111101110
111011101110
111011101110
111011111111
110011011101
011001010101
011110011001
100010011010
100010011010
100110101010
101110111100
101110111100
100110011010
101110111011
101110111100
101110111100
111011001011
111111001011
111011001011
111011001011
111111001011
110010011001
110111001011
111111101110
111111101101
111111101110
111111101101
111111101101
111111101101
111011011100
010001000100
011001100110
011001100110
011001100110
011001100111
010101010101
010001000100
010101010101
010101010101
010101010101
010101010101
010001000100
001100110100
010001000100
010001000100
010001000100
010001000101
010001000101
010001000101
010001010101
010101010101
010101010101
010101010101
010001000101
010001000100
010001000100
001100110011
010101000100
111011101110
111011101111
111011101110
111011101110
111011101110
101010111011
100010001000
110111101110
111011101110
111011101110
111011101110
111111111111
100110011001
011001110111
100010011010
011101111000
101111001100
101110111100
101110111100
100110011001
101111001100
101110111100
111011001011
111011001011
111011001011
111111001011
101110011000
110111001100
111111101110
111111101110
111011011101
111011011100
111111011100
111111101101
111111101101
111011011101
001100110100
011001100111
011001100110
011001100110
011001100110
011001100111
010001000100
010101010101
010101010101
010101010101
010101010101
010001000100
001100110011
010001000100
010001000100
010001000100
010001000101
010001000101
010101010101
010101010101
010101010101
010101010101
010101010101
010101010101
010001010101
010001000100
010001000100
010001000100
011001100111
110011011101
111011101111
111011101110
111011101110
110111011110
011001010101
101010111100
110111011110
111011101110
111011101110
111011101110
111011111111
110111001101
011001100111
011110001001
100110011010
101110111100
101110111100
101010101010
101010101010
101110111100
111011001011
111011001011
111111001011
101010000111
111011011101
111111101110
111111011101
111011001100
111011001100
111111011101
111111101101
111111101101
111111101110
111011101101
001100110011
011001100111
011001100110
011001100110
011001100110
011001100111
010001000100
010101010101
010101010101
010101010101
010101010101
010001000100
001100110011
010001000100
010001000100
010001000100
010001000101
010001010101
010101010101
010101010101
010101010101
010101010101
010101010101
010101010101
010101010101
010101010101
010001000100
010000110100
100010011010
011001100110
101111001100
111011101110
111011101110
111011101110
100010011001
101110101010
101110111100
110111011110
111011101110
111011101110
111011101110
111011101110
111011111111
100010001000
011001100111
101111001100
101110111100
101111001100
100010001001
101110111100
