000000000000
000000000000
000000000000
000000000000
000000000000
000000000000
000000000000
000000000000
000000000000
000000000000
000000000000
000000000000
000000000000
000000000000
000000000000
000000000000
000000000000
000000000000
000000000000
000000000000
000000000000
000000000000
000000000000
000000000000
000000000000
000000000000
000000000000
000000000000
000000000000
000000000000
000000000000
000000000000
000000000000
000000000000
000000000000
000000000000
000000000000
000000000000
000000000000
000000000000
000000000000
000000000000
000000000000
000000000000
000000000000
111111111111
111111111111
111111111111
111111111111
111111111111
111111111111
000000000000
000000000000
000000000000
000000000000
000000000000
000000000000
000000000000
000000000000
000000000000
000000000000
000000000000
000000000000
000000000000
000000000000
000000000000
000000000000
000000000000
000000000000
000000000000
000000000000
000000000000
000000000000
000000000000
000000000000
000000000000
111111111111
111011101110
101010101010
100010001000
100010001000
101110111011
111011101110
111011101110
000000000000
000000000000
000000000000
000000000000
000000000000
000000000000
000000000000
000000000000
000000000000
000000000000
000000000000
000000000000
000000000000
000000000000
000000000000
000000000000
000000000000
000000000000
000000000000
000000000000
000000000000
000000000000
000000000000
111111111111
111011101110
011001100110
000000000000
000000000000
000000000000
001100110011
011001100110
111011101110
111111111111
000000000000
000000000000
000000000000
000000000000
000000000000
000000000000
000000000000
000000000000
000000000000
000000000000
000000000000
000000000000
000000000000
000000000000
000000000000
000000000000
000000000000
000000000000
000000000000
000000000000
000000000000
000000000000
111111111111
101110111011
000000000000
000000000000
000000000000
000000000000
001100110011
000100010001
100010001000
111111111111
000000000000
000000000000
000000000000
000000000000
000000000000
000000000000
000000000000
000000000000
000000000000
000000000000
000000000000
000000000000
000000000000
000000000000
000000000000
000000000000
000000000000
000000000000
000000000000
000000000000
000000000000
000000000000
111111111111
100010001000
000000000000
000000000000
000000000000
000000000000
000100010001
000000000000
000000000000
111011101110
000000000000
000000000000
000000000000
000000000000
000000000000
000000000000
000000000000
000000000000
000000000000
000000000000
000000000000
000000000000
000000000000
000000000000
000000000000
000000000000
000000000000
000000000000
000000000000
000000000000
000000000000
000000000000
111111111111
011101110111
100110001001
010101010101
001000100010
100110011001
101010101010
000100010001
000000000000
110111011101
000000000000
000000000000
000000000000
000000000000
000000000000
000000000000
000000000000
000000000000
000000000000
000000000000
000000000000
000000000000
000000000000
000000000000
000000000000
000000000000
000000000000
000000000000
000000000000
000000000000
000000000000
000000000000
111111111111
100110011001
100010001000
101010101010
011101100110
101010101010
100110011001
011101110111
000000000000
110111011101
000000000000
000000000000
000000000000
000000000000
000000000000
000000000000
000000000000
000000000000
000000000000
000000000000
000000000000
000000000000
000000000000
000000000000
000000000000
000000000000
000000000000
000000000000
000000000000
000000000000
000000000000
000000000000
111111111110
100010001001
100110011000
110010100100
110010110011
101110100101
101010101001
010101010101
000000000000
110011001100
000000000000
000000000000
000000000000
000000000000
000000000000
000000000000
000000000000
000000000000
000000000000
000000000000
000000000000
000000000000
000000000000
000000000000
000000000000
000000000000
000000000000
000000000000
000000000000
000000000000
000000000000
000000000000
111011111110
100010001000
110010010001
110110110000
111011000011
111011000010
110110110010
010101000001
000000000000
101110111011
000000000000
000000000000
000000000000
000000000000
000000000000
000000000000
000000000000
000000000000
000000000000
000000000000
000000000000
000000000000
000000000000
000000000000
000000000000
000000000000
000000000000
000000000000
000000000000
000000000000
000000000000
000000000000
111011111111
100110001000
101010000011
110110100001
110110110010
110010100001
101110010100
010101000011
010001000100
100010001000
000000000000
000000000000
000000000000
000000000000
000000000000
000000000000
000000000000
000000000000
000000000000
000000000000
000000000000
000000000000
000000000000
000000000000
000000000000
000000000000
000000000000
000000000000
000000000000
000000000000
000000000000
000000000000
111011101110
100010001000
101010101001
101010000100
101110000011
101110011000
110011001100
101010101010
001100110011
001000100010
110111011101
000000000000
000000000000
000000000000
000000000000
000000000000
000000000000
000000000000
000000000000
000000000000
000000000000
000000000000
000000000000
000000000000
000000000000
000000000000
000000000000
000000000000
000000000000
000000000000
000000000000
000000000000
110011001100
100010001000
110111011101
101110111011
110011001011
110111011101
111011101110
111011101110
010001000100
000000000000
011101110111
111011101110
000000000000
000000000000
000000000000
000000000000
000000000000
000000000000
000000000000
000000000000
000000000000
000000000000
000000000000
000000000000
000000000000
000000000000
000000000000
000000000000
000000000000
000000000000
000000000000
110111011101
001100110011
111011101110
111011101110
111011101110
111011101110
111011101110
111011101110
111011101110
100110011001
000000000000
000000000000
100110011001
111011101110
000000000000
000000000000
000000000000
000000000000
000000000000
000000000000
000000000000
000000000000
000000000000
000000000000
000000000000
000000000000
000000000000
000000000000
000000000000
000000000000
000000000000
111011101110
010101010101
011101110111
111011101110
111011101110
111011101110
111011101110
111011101110
111011101101
110111011101
101110111011
000000000000
000000000000
000000000000
101110111011
111011101110
000000000000
000000000000
000000000000
000000000000
000000000000
000000000000
000000000000
000000000000
000000000000
000000000000
000000000000
000000000000
000000000000
000000000000
000000000000
000000000000
101110111011
000100010001
101010101010
111011101110
111011101110
111011101110
111011101110
111011101110
111011101110
111011101110
110111011101
100010001000
000100010001
000100010001
001100110011
111011101110
000000000000
000000000000
000000000000
000000000000
000000000000
000000000000
000000000000
000000000000
000000000000
000000000000
000000000000
000000000000
000000000000
000000000000
000000000000
111011101110
100010001000
010101010101
111011101110
111011101110
111011101110
111011101110
111011101110
111011101110
111011101110
111011101110
111011101110
110111011101
001000100010
001000100010
000000000000
101110111011
111111111111
000000000000
000000000000
000000000000
000000000000
000000000000
000000000000
000000000000
000000000000
000000000000
000000000000
000000000000
000000000000
000000000000
000000000000
111011101110
000100010001
101010101010
111011101110
111011101110
111011101110
111011101110
111011101110
111011101110
111011101110
111011101110
111011101110
111011101110
010101010101
001000100010
000000000000
100010001000
111011101110
000000000000
000000000000
000000000000
000000000000
000000000000
000000000000
000000000000
000000000000
000000000000
000000000000
000000000000
000000000000
000000000000
111011101110
100110011001
000100010001
110111011101
111011101110
111011101110
111011101110
111011101110
111011101110
111011101110
111011101110
111011101110
111011101110
111011101110
011101110111
001000100010
000000000000
001100110011
111011101110
000000000000
000000000000
000000000000
000000000000
000000000000
000000000000
000000000000
000000000000
000000000000
000000000000
000000000000
000000000000
000000000000
111011101110
001000010010
001100110011
111011101110
111011101110
111011101110
111011101110
111011101110
111011101110
111011101110
111011101110
111011101110
111011101110
111011101110
011101110111
001000100010
000000000000
000000000000
111011101110
000000000000
000000000000
000000000000
000000000000
000000000000
000000000000
000000000000
000000000000
000000000000
000000000000
000000000000
000000000000
111111111110
110111011101
011101100001
010101000010
111011101110
111011101110
111011101110
111011101110
111011101110
111011101110
111011101110
111011101110
111011101110
111011101110
111011101110
011001100110
000100010010
001000100010
001100110011
111011101110
000000000000
000000000000
000000000000
000000000000
000000000000
000000000000
000000000000
000000000000
000000000000
000000000000
000000000000
111011111110
111011101110
110111011011
110110100000
110110100001
100010000111
111011101110
111011101110
111011101110
111011101110
111011101110
111011101110
111011101110
111011101110
111011101101
110110100011
100001100001
000000000000
000000000001
100110000101
111011101110
000000000000
000000000000
000000000000
000000000000
000000000000
000000000000
000000000000
000000000000
000000000000
000000000000
111011101110
110110111000
110110100011
110110100001
111010110000
111010110000
101010000001
011001100110
110111011101
111011101110
111011101110
111011101110
111011101110
111011101110
111011101110
110111001100
110110010001
100101110001
000100000000
011101010001
110110100010
111011011100
111111111111
000000000000
000000000000
000000000000
000000000000
000000000000
000000000000
000000000000
000000000000
000000000000
111011101110
110110100101
111010110000
111010110000
111010110000
111010110000
111010100001
011001010000
010001000100
111011101110
111011101110
111011101110
111011101110
111011101110
111011101110
110011001011
110110100001
110110100001
110010010001
110110100001
111010110001
111010110111
111011101110
111111101110
000000000000
000000000000
000000000000
000000000000
000000000000
000000000000
000000000000
000000000000
111011101110
110110100111
111010110000
111010110000
111010110000
111010110000
111010110000
110010100000
010101010101
110111011101
111011101110
111011101110
111011101110
111011101110
111011101110
100010001000
110110010001
111010110010
111010110001
111010110001
111010110010
111010110001
110110110110
111011101110
000000000000
000000000000
000000000000
000000000000
000000000000
000000000000
000000000000
000000000000
111011101110
110110100101
111010110000
111010110000
111010110000
111010110000
111010110000
111010110000
110010101000
111011101110
111011101110
111011101110
111011101110
111011101110
100010001000
010000110000
110110100001
111010110010
111010110010
111010110010
111010110001
110110100001
101110010011
111011101101
000000000000
000000000000
000000000000
000000000000
000000000000
000000000000
000000000000
000000000000
111011011101
110010010000
110110100000
111010110000
111010110000
111010110000
111010110000
111010110000
110010010000
011101100110
101010101010
101010101010
100110011001
001100110011
000000000000
010100110000
110110100001
111010110001
111010110001
110110010001
101010000010
110010101001
111011101101
111011101110
000000000000
000000000000
000000000000
000000000000
000000000000
000000000000
000000000000
000000000000
000000000000
110111001011
110010100111
101110000011
110010000000
110110010000
111010100000
111010100000
101110000000
100001110111
100110011001
101010101010
100110011001
100010001000
010001000100
010000110000
101101110000
110010010001
101110000000
101010000101
111011011101
111011101110
111011111111
000000000000
000000000000
000000000000
000000000000
000000000000
000000000000
000000000000
000000000000
000000000000
000000000000
111011101110
111011101110
111011101110
110111011101
110010111010
101010000101
100101100000
100110000111
111011101110
111011111110
111111101111
111111111111
111011101110
111011101110
110111011100
011101010100
011101010000
100110000111
111011101110
111011111110
111111111110
000000000000
000000000000
000000000000
000000000000
000000000000
000000000000
000000000000
000000000000
000000000000
000000000000
000000000000
000000000000
000000000000
000000000000
000000000000
111111101111
111011101110
111011101110
111011101110
111011111110
000000000000
000000000000
000000000000
000000000000
000000000000
111011101110
111011101110
111011101101
111011101110
111011111110
000000000000
000000000000
000000000000
000000000000
000000000000
000000000000
000000000000
000000000000
000000000000
000000000000
000000000000
000000000000
000000000000
000000000000
000000000000
000000000000
000000000000
000000000000
000000000000
000000000000
000000000000
000000000000
000000000000
000000000000
000000000000
000000000000
000000000000
000000000000
000000000000
000000000000
000000000000
000000000000
000000000000
000000000000
000000000000
000000000000
000000000000
000000000000
000000000000
000000000000
000000000000
000000000000
000000000000
000000000000
000000000000
000000000000
000000000000
000000000000
000000000000
000000000000
000000000000
000000000000
000000000000
000000000000
000000000000
000000000000
000000000000
000000000000
000000000000
000000000000
000000000000
000000000000
000000000000
000000000000
000000000000
000000000000
000000000000
000000000000
000000000000
000000000000
000000000000
000000000000
