000000000000
000000000000
000000000000
000000000000
000000000000
000000000000
000000000000
000000000000
000000000000
000000000000
000000000000
000000000000
000000000000
000000000000
000000000000
000000000000
000000000000
000000000000
000000000000
000000000000
000000000000
000000000000
000000000000
000000000000
000000000000
000000000000
000000000000
000000000000
000000000000
000000000000
000000000000
000000000000
000000000000
000000000000
000000000000
000000000000
000000000000
000000000000
000000000000
000000000000
000000000000
000000000000
000000000000
000000000000
000000000000
000000000000
000000000000
000000000000
000000000000
000000000000
000000000000
000000000000
000000000000
000000000000
000000000000
000000000000
000000000000
000000000000
000000000000
000000000000
000000000000
000000000000
000000000000
000000000000
000000000000
000000000000
000000000000
000000000000
000000000000
000000000000
000000000000
000000000000
000000000000
000000000000
000000000000
000000000000
000000000000
000000000000
000000000000
000000000000
000000000000
000000000000
000000000000
000000000000
000000000000
000000000000
000000000000
000000000000
000000000000
000000000000
000000000000
000000000000
000000000000
000000000000
000000000000
000000000000
000000000000
000000000000
000000000000
000000000000
000000000000
000000000000
000000000000
000000000000
000000000000
000000000000
000000000000
000000000000
000000000000
000000000000
000000000000
000000000000
000000000000
000000000000
000000000000
000000000000
000000000000
000000000000
000000000000
000000000000
000000000000
000000000000
000000000000
000000000000
000000000000
000000000000
000000000000
000000000000
000000000000
000000000000
000000000000
000000000000
000000000000
000000000000
000000000000
000000000000
000000000000
000000000000
000000000000
000000000000
000000000000
000000000000
000000000000
000000000000
000000000000
000000000000
000000000000
000000000000
000000000000
000000000000
000000000000
000000000000
000000000000
000000000000
000000000000
000000000000
000000000000
000000000000
000000000000
000000000000
000000000000
000000000000
000000000000
000000000000
000000000000
000000000000
000000000000
000000000000
000000000000
000000000000
000000000000
000000000000
000000000000
000000000000
000000000000
000000000000
000000000000
000000000000
000000000000
000000000000
000000000000
000000000000
000000000000
000000000000
000000000000
000000000000
000000000000
000000000000
000000000000
000000000000
000000000000
000000000000
000000000000
000000000000
000000000000
000000000000
000000000000
000000000000
000000000000
000000000000
000000000000
000000000000
000000000000
000000000000
000000000000
000000000000
000000000000
000000000000
000000000000
000000000000
000000000000
000000000000
000000000000
000000000000
000000000000
000000000000
000000000000
000000000000
000000000000
000000000000
000000000000
111111111111
111111111111
111111111111
111111111111
111111111111
111111111111
000000000000
000000000000
000000000000
000000000000
000000000000
000000000000
000000000000
000000000000
000000000000
000000000000
000000000000
000000000000
000000000000
000000000000
000000000000
000000000000
000000000000
000000000000
000000000000
000000000000
000000000000
000000000000
000000000000
000000000000
000000000000
000000000000
000000000000
000000000000
000000000000
000000000000
000000000000
000000000000
000000000000
000000000000
000000000000
000000000000
000000000000
000000000000
000000000000
000000000000
000000000000
000000000000
000000000000
000000000000
000000000000
000000000000
000000000000
000000000000
000000000000
000000000000
000000000000
000000000000
000000000000
000000000000
000000000000
111011101110
111011101110
111111111111
111011101110
101110111011
100110011001
100110011001
110011001100
111011101110
111111111111
111011101110
000000000000
000000000000
000000000000
000000000000
000000000000
000000000000
000000000000
000000000000
000000000000
000000000000
000000000000
000000000000
000000000000
000000000000
000000000000
000000000000
000000000000
000000000000
000000000000
000000000000
000000000000
000000000000
000000000000
000000000000
000000000000
000000000000
000000000000
000000000000
000000000000
000000000000
000000000000
000000000000
000000000000
000000000000
000000000000
000000000000
000000000000
000000000000
000000000000
000000000000
000000000000
000000000000
000000000000
000000000000
000000000000
000000000000
000000000000
000000000000
000000000000
000000000000
000000000000
000000000000
111111111111
111011101110
110111011101
010001000100
000000000000
000000000000
000000000000
000000000000
000000000000
000000000000
010101010101
111011101110
111111111111
000000000000
000000000000
000000000000
000000000000
000000000000
000000000000
000000000000
000000000000
000000000000
000000000000
000000000000
000000000000
000000000000
000000000000
000000000000
000000000000
000000000000
000000000000
000000000000
000000000000
000000000000
000000000000
000000000000
000000000000
000000000000
000000000000
000000000000
000000000000
000000000000
000000000000
000000000000
000000000000
000000000000
000000000000
000000000000
000000000000
000000000000
000000000000
000000000000
000000000000
000000000000
000000000000
000000000000
000000000000
000000000000
000000000000
000000000000
000000000000
000000000000
000000000000
000000000000
111111111111
101010101010
000000000000
000000000000
000000000000
000000000000
000000000000
000000000000
000000000000
000000000000
000000000000
000000000000
101010101010
111111111111
111011101110
000000000000
000000000000
000000000000
000000000000
000000000000
000000000000
000000000000
000000000000
000000000000
000000000000
000000000000
000000000000
000000000000
000000000000
000000000000
000000000000
000000000000
000000000000
000000000000
000000000000
000000000000
000000000000
000000000000
000000000000
000000000000
000000000000
000000000000
000000000000
000000000000
000000000000
000000000000
000000000000
000000000000
000000000000
000000000000
000000000000
000000000000
000000000000
000000000000
000000000000
000000000000
000000000000
000000000000
000000000000
000000000000
000000000000
000000000000
000000000000
111011101110
110111011101
000000000000
000000000000
000000000000
000000000000
000000000000
000000000000
000000000000
000000000000
001000100010
010101010101
000100010001
000000000000
101110111011
111011101110
111111111111
000000000000
000000000000
000000000000
000000000000
000000000000
000000000000
000000000000
000000000000
000000000000
000000000000
000000000000
000000000000
000000000000
000000000000
000000000000
000000000000
000000000000
000000000000
000000000000
000000000000
000000000000
000000000000
000000000000
000000000000
000000000000
000000000000
000000000000
000000000000
000000000000
000000000000
000000000000
000000000000
000000000000
000000000000
000000000000
000000000000
000000000000
000000000000
000000000000
000000000000
000000000000
000000000000
000000000000
000000000000
000000000000
000000000000
111111111111
111111111111
010001000100
000000000000
000000000000
000000000000
000000000000
000000000000
000000000000
000000000000
000000000000
001000100010
010101010110
001100110011
000000000000
000000000000
111011101110
111011101110
000000000000
000000000000
000000000000
000000000000
000000000000
000000000000
000000000000
000000000000
000000000000
000000000000
000000000000
000000000000
000000000000
000000000000
000000000000
000000000000
000000000000
000000000000
000000000000
000000000000
000000000000
000000000000
000000000000
000000000000
000000000000
000000000000
000000000000
000000000000
000000000000
000000000000
000000000000
000000000000
000000000000
000000000000
000000000000
000000000000
000000000000
000000000000
000000000000
000000000000
000000000000
000000000000
000000000000
000000000000
000000000000
000000000000
111111111111
111011101110
000000000000
000000000000
000000000000
000000000000
000000000000
000000000000
000000000000
000000000000
000000000000
000100010001
000100010001
000000000000
000000000000
000000000000
011101110111
111111111111
000000000000
000000000000
000000000000
000000000000
000000000000
000000000000
000000000000
000000000000
000000000000
000000000000
000000000000
000000000000
000000000000
000000000000
000000000000
000000000000
000000000000
000000000000
000000000000
000000000000
000000000000
000000000000
000000000000
000000000000
000000000000
000000000000
000000000000
000000000000
000000000000
000000000000
000000000000
000000000000
000000000000
000000000000
000000000000
000000000000
000000000000
000000000000
000000000000
000000000000
000000000000
000000000000
000000000000
000000000000
000000000000
000000000000
111111111111
101010101010
000000000000
000000000000
000000000000
000000000000
000000000000
000000000000
000000000000
000000000000
000000000000
000000000000
000000000000
000000000000
000000000000
000000000000
000000000000
111111111111
111111111111
000000000000
000000000000
000000000000
000000000000
000000000000
000000000000
000000000000
000000000000
000000000000
000000000000
000000000000
000000000000
000000000000
000000000000
000000000000
000000000000
000000000000
000000000000
000000000000
000000000000
000000000000
000000000000
000000000000
000000000000
000000000000
000000000000
000000000000
000000000000
000000000000
000000000000
000000000000
000000000000
000000000000
000000000000
000000000000
000000000000
000000000000
000000000000
000000000000
000000000000
000000000000
000000000000
000000000000
000000000000
000000000000
111111111111
100010001000
000000000000
000000000000
000000000000
000000000000
000000000000
000000000000
000000000000
000000000000
000000000000
000000000000
001000100010
000000000000
000000000000
000000000000
000000000000
101110111011
111111111111
000000000000
000000000000
000000000000
000000000000
000000000000
000000000000
000000000000
000000000000
000000000000
000000000000
000000000000
000000000000
000000000000
000000000000
000000000000
000000000000
000000000000
000000000000
000000000000
000000000000
000000000000
000000000000
000000000000
000000000000
000000000000
000000000000
000000000000
000000000000
000000000000
000000000000
000000000000
000000000000
000000000000
000000000000
000000000000
000000000000
000000000000
000000000000
000000000000
000000000000
000000000000
000000000000
000000000000
000000000000
000000000000
111111111111
011101110111
000000000000
001000100010
010001000100
000100010001
000000000000
000000000000
000000000000
001000100010
100010001000
100110011001
010001000100
000100010001
000000000000
000000000000
000000000000
011101110111
111111111111
000000000000
000000000000
000000000000
000000000000
000000000000
000000000000
000000000000
000000000000
000000000000
000000000000
000000000000
000000000000
000000000000
000000000000
000000000000
000000000000
000000000000
000000000000
000000000000
000000000000
000000000000
000000000000
000000000000
000000000000
000000000000
000000000000
000000000000
000000000000
000000000000
000000000000
000000000000
000000000000
000000000000
000000000000
000000000000
000000000000
000000000000
000000000000
000000000000
000000000000
000000000000
000000000000
000000000000
000000000000
000000000000
111111111111
011101110111
000100010001
101010101010
110011001100
100010001000
000000000000
000000000000
000100100001
101010101010
110011001100
110111011101
110011001100
000100010001
000000000000
000000000000
000000000000
011101110111
111111111111
000000000000
000000000000
000000000000
000000000000
000000000000
000000000000
000000000000
000000000000
000000000000
000000000000
000000000000
000000000000
000000000000
000000000000
000000000000
000000000000
000000000000
000000000000
000000000000
000000000000
000000000000
000000000000
000000000000
000000000000
000000000000
000000000000
000000000000
000000000000
000000000000
000000000000
000000000000
000000000000
000000000000
000000000000
000000000000
000000000000
000000000000
000000000000
000000000000
000000000000
000000000000
000000000000
000000000000
000000000000
000000000000
111111111111
011101110111
010101010101
101010101011
011101110111
111111111111
000000000001
000000000000
011001110110
111111111110
001100110011
010101010101
111011101110
011001100110
000000000000
000000000000
000000000000
011101110111
111111111111
000000000000
000000000000
000000000000
000000000000
000000000000
000000000000
000000000000
000000000000
000000000000
000000000000
000000000000
000000000000
000000000000
000000000000
000000000000
000000000000
000000000000
000000000000
000000000000
000000000000
000000000000
000000000000
000000000000
000000000000
000000000000
000000000000
000000000000
000000000000
000000000000
000000000000
000000000000
000000000000
000000000000
000000000000
000000000000
000000000000
000000000000
000000000000
000000000000
000000000000
000000000000
000000000000
000000000000
000000000000
000000000000
111111111111
011101110111
011001100110
010001010100
001000100010
101010101011
010001000100
000100010001
011101111000
110011001100
000000000000
001100110011
011101110111
101010101010
000000000000
000000000000
000000000000
011101110111
111111111111
000000000000
000000000000
000000000000
000000000000
000000000000
000000000000
000000000000
000000000000
000000000000
000000000000
000000000000
000000000000
000000000000
000000000000
000000000000
000000000000
000000000000
000000000000
000000000000
000000000000
000000000000
000000000000
000000000000
000000000000
000000000000
000000000000
000000000000
000000000000
000000000000
000000000000
000000000000
000000000000
000000000000
000000000000
000000000000
000000000000
000000000000
000000000000
000000000000
000000000000
000000000000
000000000000
000000000000
000000000000
000000000000
111111111110
100010001000
010101010101
011101110111
000000000000
101010010111
100110000001
101110110010
100110010011
110111011010
000000000000
000000000000
100010001001
011101110111
000000000000
000000000000
000000000000
011101110111
111111111111
000000000000
000000000000
000000000000
000000000000
000000000000
000000000000
000000000000
000000000000
000000000000
000000000000
000000000000
000000000000
000000000000
000000000000
000000000000
000000000000
000000000000
000000000000
000000000000
000000000000
000000000000
000000000000
000000000000
000000000000
000000000000
000000000000
000000000000
000000000000
000000000000
000000000000
000000000000
000000000000
000000000000
000000000000
000000000000
000000000000
000000000000
000000000000
000000000000
000000000000
000000000000
000000000000
000000000000
000000000000
000000000000
111111111110
100110011001
000000000000
111111111110
100110000011
110110100001
110110110000
111011000010
110110110010
111011000010
101110100010
100110010110
111011111101
001000100010
000000000000
000000000000
000000000000
011001100110
111111111111
000000000000
000000000000
000000000000
000000000000
000000000000
000000000000
000000000000
000000000000
000000000000
000000000000
000000000000
000000000000
000000000000
000000000000
000000000000
000000000000
000000000000
000000000000
000000000000
000000000000
000000000000
000000000000
000000000000
000000000000
000000000000
000000000000
000000000000
000000000000
000000000000
000000000000
000000000000
000000000000
000000000000
000000000000
000000000000
000000000000
000000000000
000000000000
000000000000
000000000000
000000000000
000000000000
000000000000
000000000000
000000000000
111111111110
100110011001
000000000000
100001100001
110010100000
110110100000
110110110001
111011000010
111011000100
111011000010
111011000001
110111000001
111011000100
010000110001
000000000000
000000000000
000000000000
010101010101
111111111111
000000000000
000000000000
000000000000
000000000000
000000000000
000000000000
000000000000
000000000000
000000000000
000000000000
000000000000
000000000000
000000000000
000000000000
000000000000
000000000000
000000000000
000000000000
000000000000
000000000000
000000000000
000000000000
000000000000
000000000000
000000000000
000000000000
000000000000
000000000000
000000000000
000000000000
000000000000
000000000000
000000000000
000000000000
000000000000
000000000000
000000000000
000000000000
000000000000
000000000000
000000000000
000000000000
000000000000
000000000000
000000000000
111011111111
101010101010
001100100001
101110000000
110110010001
111010100000
110110110000
111011000011
111011010011
111011000001
111011000010
110010010001
110010000000
011101010001
000000000000
000000000000
000000000000
000000000000
111111111111
000000000000
000000000000
000000000000
000000000000
000000000000
000000000000
000000000000
000000000000
000000000000
000000000000
000000000000
000000000000
000000000000
000000000000
000000000000
000000000000
000000000000
000000000000
000000000000
000000000000
000000000000
000000000000
000000000000
000000000000
000000000000
000000000000
000000000000
000000000000
000000000000
000000000000
000000000000
000000000000
000000000000
000000000000
000000000000
000000000000
000000000000
000000000000
000000000000
000000000000
000000000000
000000000000
000000000000
000000000000
000000000000
111011111111
101110111011
001000010000
101001110000
110110100000
110110100000
110110110001
111011000011
111011010011
111011000010
101110010000
110010010000
110010010001
010000100000
000000000000
001000100010
000000000000
000000000000
111011101110
000000000000
000000000000
000000000000
000000000000
000000000000
000000000000
000000000000
000000000000
000000000000
000000000000
000000000000
000000000000
000000000000
000000000000
000000000000
000000000000
000000000000
000000000000
000000000000
000000000000
000000000000
000000000000
000000000000
000000000000
000000000000
000000000000
000000000000
000000000000
000000000000
000000000000
000000000000
000000000000
000000000000
000000000000
000000000000
000000000000
000000000000
000000000000
000000000000
000000000000
000000000000
000000000000
000000000000
000000000000
000000000000
111111111111
110011001100
000000000000
100001110110
100101100001
110010010000
110010100001
101110010001
101110010001
101110000000
110010010000
101110010010
101010010110
011001100110
000000000000
010001000100
011101110111
000100010001
011101110111
111011101111
000000000000
000000000000
000000000000
000000000000
000000000000
000000000000
000000000000
000000000000
000000000000
000000000000
000000000000
000000000000
000000000000
000000000000
000000000000
000000000000
000000000000
000000000000
000000000000
000000000000
000000000000
000000000000
000000000000
000000000000
000000000000
000000000000
000000000000
000000000000
000000000000
000000000000
000000000000
000000000000
000000000000
000000000000
000000000000
000000000000
000000000000
000000000000
000000000000
000000000000
000000000000
000000000000
000000000000
000000000000
111111111111
110011001100
000000000000
101010101010
101010000110
100101110001
101110010000
110010010001
110010010000
101110000001
101010010110
101110101010
110010111100
101111001100
000000000000
000000000000
011001100110
001000100010
000000000000
111111111111
111111111111
000000000000
000000000000
000000000000
000000000000
000000000000
000000000000
000000000000
000000000000
000000000000
000000000000
000000000000
000000000000
000000000000
000000000000
000000000000
000000000000
000000000000
000000000000
000000000000
000000000000
000000000000
000000000000
000000000000
000000000000
000000000000
000000000000
000000000000
000000000000
000000000000
000000000000
000000000000
000000000000
000000000000
000000000000
000000000000
000000000000
000000000000
000000000000
000000000000
000000000000
000000000000
000000000000
111011101110
111011101110
100010001000
000000000000
110011001011
101110111010
100110000111
100001100010
100101100010
100110000100
101010101000
101110111011
110111011101
111011101110
111011111110
011001100110
000000000000
000000000000
000000000000
000000000000
011101110111
111111111111
111011101110
000000000000
000000000000
000000000000
000000000000
000000000000
000000000000
000000000000
000000000000
000000000000
000000000000
000000000000
000000000000
000000000000
000000000000
000000000000
000000000000
000000000000
000000000000
000000000000
000000000000
000000000000
000000000000
000000000000
000000000000
000000000000
000000000000
000000000000
000000000000
000000000000
000000000000
000000000000
000000000000
000000000000
000000000000
000000000000
000000000000
000000000000
000000000000
000000000000
000000000000
111111111111
111011101110
110011001100
000000000000
001100110011
111011101111
101110111100
101110101011
101110111010
101110111011
101110111011
110011001100
110111011101
111011111110
111011101110
111011101110
111011101110
000000000000
000000000000
000000000000
000000000000
000000000000
110111011101
111011101110
000000000000
000000000000
000000000000
000000000000
000000000000
000000000000
000000000000
000000000000
000000000000
000000000000
000000000000
000000000000
000000000000
000000000000
000000000000
000000000000
000000000000
000000000000
000000000000
000000000000
000000000000
000000000000
000000000000
000000000000
000000000000
000000000000
000000000000
000000000000
000000000000
000000000000
000000000000
000000000000
000000000000
000000000000
000000000000
000000000000
000000000000
000000000000
000000000000
111011101110
111011101110
111011101110
000000000000
000000000000
111011101110
111111111110
111011101101
110011001011
101110111011
101111001011
110111011101
111011101110
111011101110
111011101110
111011101110
111011101110
111111111111
010101010101
000000000000
000000000000
000000000000
000000000000
000100010001
111011101110
111011101110
000000000000
000000000000
000000000000
000000000000
000000000000
000000000000
000000000000
000000000000
000000000000
000000000000
000000000000
000000000000
000000000000
000000000000
000000000000
000000000000
000000000000
000000000000
000000000000
000000000000
000000000000
000000000000
000000000000
000000000000
000000000000
000000000000
000000000000
000000000000
000000000000
000000000000
000000000000
000000000000
000000000000
000000000000
000000000000
000000000000
000000000000
111111111111
111011101110
111011101110
000100010001
000000000000
101010101010
111011101110
111011101110
111111111110
111011101110
111011101110
111011101110
111011101110
111011101110
111011101110
111011101110
111011101110
111011101110
111011101110
110011001100
000000000000
000000000000
000000000000
000000000000
000000000000
010001000100
111111111111
111011101110
000000000000
000000000000
000000000000
000000000000
000000000000
000000000000
000000000000
000000000000
000000000000
000000000000
000000000000
000000000000
000000000000
000000000000
000000000000
000000000000
000000000000
000000000000
000000000000
000000000000
000000000000
000000000000
000000000000
000000000000
000000000000
000000000000
000000000000
000000000000
000000000000
000000000000
000000000000
000000000000
000000000000
000000000000
000000000000
000000000000
111111111111
111111111111
010001000100
000000000000
001000100010
111111111111
111011101110
111011101110
111011101110
111011101110
111011101110
111111111110
111011101110
111011101110
111111111110
111011101110
111011101110
111011101110
111011101110
111011101110
000000000000
000000000000
000000000000
000000000000
000000000000
000000000000
011001100110
111111111111
111011101110
000000000000
000000000000
000000000000
000000000000
000000000000
000000000000
000000000000
000000000000
000000000000
000000000000
000000000000
000000000000
000000000000
000000000000
000000000000
000000000000
000000000000
000000000000
000000000000
000000000000
000000000000
000000000000
000000000000
000000000000
000000000000
000000000000
000000000000
000000000000
000000000000
000000000000
000000000000
000000000000
000000000000
000000000000
111111111111
111111111111
011101110111
000000000000
000000000000
100010001000
111011101110
111011101110
111011101110
111011101110
111011101110
111011101110
111011101110
111011101110
111011101110
111011101110
111011101110
111011101110
111011101110
110111011101
110111011101
010001000100
000000000000
000000000000
000000000000
000000000000
000000000000
000000000000
100110011001
111111111111
111011101110
000000000000
000000000000
000000000000
000000000000
000000000000
000000000000
000000000000
000000000000
000000000000
000000000000
000000000000
000000000000
000000000000
000000000000
000000000000
000000000000
000000000000
000000000000
000000000000
000000000000
000000000000
000000000000
000000000000
000000000000
000000000000
000000000000
000000000000
000000000000
000000000000
000000000000
000000000000
000000000000
000000000000
111011101110
110111011101
000000000000
000000000000
000000000000
100010001000
110111011101
111011101110
111011101110
111011101110
111011101110
110111011101
111011101110
111011101110
111011101110
111011101110
110111011101
110011001100
110011001011
110011001011
110011001100
101110111011
000000000000
000000000000
000000000000
000000000000
000000000000
000000000000
000000000000
111011101110
111011101110
111111111111
000000000000
000000000000
000000000000
000000000000
000000000000
000000000000
000000000000
000000000000
000000000000
000000000000
000000000000
000000000000
000000000000
000000000000
000000000000
000000000000
000000000000
000000000000
000000000000
000000000000
000000000000
000000000000
000000000000
000000000000
000000000000
000000000000
000000000000
000000000000
000000000000
000000000000
000000000000
111011101110
111111111111
010101010101
000000000000
000100010001
000000000000
101010101010
111011101110
111011101110
111011101110
111011101110
111011101110
111011101110
111011101110
111011101110
111011101110
111011101110
111111111110
111011101110
111011101110
110111011101
110011001011
110011001100
011101110111
000000000000
001000010010
000100010001
000000000000
000000000000
000000000000
010001000100
111111111111
111111111111
000000000000
000000000000
000000000000
000000000000
000000000000
000000000000
000000000000
000000000000
000000000000
000000000000
000000000000
000000000000
000000000000
000000000000
000000000000
000000000000
000000000000
000000000000
000000000000
000000000000
000000000000
000000000000
000000000000
000000000000
000000000000
000000000000
000000000000
000000000000
000000000000
000000000000
000000000000
111011101110
111111111111
000000000000
000100010001
000000000000
011001100110
111111111110
111011101110
111011101110
111011101110
111011101110
111011101110
111011101110
111011101110
111011101110
111011101110
111011101110
111011101110
111011101110
111011101110
111011101110
111011101110
110011001100
111011101110
000100010001
000000000000
000100010001
001000100010
000000000000
000000000000
000000000000
110111011101
111111111111
000000000000
000000000000
000000000000
000000000000
000000000000
000000000000
000000000000
000000000000
000000000000
000000000000
000000000000
000000000000
000000000000
000000000000
000000000000
000000000000
000000000000
000000000000
000000000000
000000000000
000000000000
000000000000
000000000000
000000000000
000000000000
000000000000
000000000000
000000000000
000000000000
000000000000
111111111111
111111111111
101110111011
000000000000
001100110011
000000000000
111011101110
111011101110
111011101110
111011101110
111011101110
111011101110
111011101110
111011101110
111011101110
111011101110
111011101110
111011101110
111011101110
111011101110
111011101110
111011101110
111011101110
111011101110
110111011101
100110011001
000000000000
001000100010
001000100010
000000000001
000000000000
000000000000
011001100110
111111111111
111111111111
000000000000
000000000000
000000000000
000000000000
000000000000
000000000000
000000000000
000000000000
000000000000
000000000000
000000000000
000000000000
000000000000
000000000000
000000000000
000000000000
000000000000
000000000000
000000000000
000000000000
000000000000
000000000000
000000000000
000000000000
000000000000
000000000000
000000000000
000000000000
000000000000
111011101110
111111111111
011101110111
001000100010
000000000000
011101110111
111011101110
111011101110
111011101110
111011101110
111011101110
111011101110
111011101110
111011101110
111011101110
111011101110
111011101110
111011101110
111011101110
111011101110
111011101110
111011101110
111011101110
111011101110
111011101110
111011101110
000000000001
001100110011
000000000000
001100110011
000000000000
000000000000
000100010001
111111111111
111011101110
000000000000
000000000000
000000000000
000000000000
000000000000
000000000000
000000000000
000000000000
000000000000
000000000000
000000000000
000000000000
000000000000
000000000000
000000000000
000000000000
000000000000
000000000000
000000000000
000000000000
000000000000
000000000000
000000000000
000000000000
000000000000
000000000000
000000000000
000000000000
111011101110
111011101110
111111111111
000000000000
001000100010
000000000000
111011101110
111011101110
111011101110
111011101110
111011101110
111011101110
111011101110
111011101110
111011101110
111011101110
111011101110
111011101110
111011101110
111011101110
111011101110
111011101110
111011101110
111011101110
111011101110
111011101110
111111111111
001100110011
000000000000
000000000000
001000100010
000000000000
000000000000
000000000000
110011001100
111011101110
000000000000
000000000000
000000000000
000000000000
000000000000
000000000000
000000000000
000000000000
000000000000
000000000000
000000000000
000000000000
000000000000
000000000000
000000000000
000000000000
000000000000
000000000000
000000000000
000000000000
000000000000
000000000000
000000000000
000000000000
000000000000
000000000000
000000000000
000000000000
111111111111
111011101110
100110011001
000100010001
000000000000
010001000100
111111111111
111011101110
111011101110
111011101110
111011101110
111011101110
111011101110
111011101110
111011101110
111011101110
111011101110
111011101110
111011101110
111011101110
111011101110
111011101110
111011101110
111011101110
111011101110
111011101110
111111111110
010101010101
000000000000
000000000000
001000100011
000000000000
000000000000
000000000000
100010001000
111011101110
000000000000
000000000000
000000000000
000000000000
000000000000
000000000000
000000000000
000000000000
000000000000
000000000000
000000000000
000000000000
000000000000
000000000000
000000000000
000000000000
000000000000
000000000000
000000000000
000000000000
000000000000
000000000000
000000000000
000000000000
000000000000
000000000000
000000000000
111111111111
111011101110
111111111111
000100010001
001000100010
000000000000
011101110111
111011101110
111011101110
111011101110
111011101110
111011101110
111011101110
111011101110
111011101110
111011101110
111011101110
111011101110
111011101110
111011101110
111011101110
111011101110
111011101110
111011101110
111011101110
111011101110
111011101110
111111111110
011101110111
000000000000
000000000000
001000100011
000000000000
000000000000
000000000000
010001000100
111111111111
000000000000
000000000000
000000000000
000000000000
000000000000
000000000000
000000000000
000000000000
000000000000
000000000000
000000000000
000000000000
000000000000
000000000000
000000000000
000000000000
000000000000
000000000000
000000000000
000000000000
000000000000
000000000000
000000000000
000000000000
000000000000
000000000000
000000000000
111011111111
111011101111
100110011001
000000000000
000100010001
000000000000
110011011100
111011101110
111011101110
111011101110
111011101110
111011101110
111011101110
111011101110
111011101110
111011101110
111011101110
111011101110
111011101110
111011101110
111011101110
111011101110
111011101110
111011101110
111011101110
111011101110
111011101110
111011101110
100110011001
000000000000
000000000000
001000100010
000000000000
000000000000
000000000000
000100010001
111111111111
000000000000
000000000000
000000000000
000000000000
000000000000
000000000000
000000000000
000000000000
000000000000
000000000000
000000000000
000000000000
000000000000
000000000000
000000000000
000000000000
000000000000
000000000000
000000000000
000000000000
000000000000
000000000000
000000000000
000000000000
000000000000
000000000000
000000000000
111011101111
111111111111
000100010001
000000000000
001000100010
000000000000
111011101110
111011101110
111011101110
111011101110
111011101110
111011101110
111011101110
111011101110
111011101110
111011101110
111011101110
111011101110
111011101110
111011101110
111011101110
111011101110
111011101110
111011101110
111011101110
111011101110
111011101110
111011101110
100110011001
000000000000
000000000000
001100110011
000000000000
000000000000
000000000000
000000000000
111111111111
000000000000
000000000000
000000000000
000000000000
000000000000
000000000000
000000000000
000000000000
000000000000
000000000000
000000000000
000000000000
000000000000
000000000000
000000000000
000000000000
000000000000
000000000000
000000000000
000000000000
000000000000
000000000000
000000000000
000000000000
000000000000
000000000000
000000000000
111111101111
110011001011
000000000000
000000000000
011001100110
000000000000
111111111111
111111101111
111011101110
111011101110
111011101110
111011101110
111011101110
111011101110
111011101110
111011101110
111011101110
111011101110
111011101110
111011101110
111011101110
111011101110
111011101110
111011101110
111011101110
111011101110
111011101110
111011101110
100010000111
000000000000
000000000000
001000100010
000000000000
000000000000
000000000000
000000000000
111111111111
000000000000
000000000000
000000000000
000000000000
000000000000
000000000000
000000000000
000000000000
000000000000
000000000000
000000000000
000000000000
000000000000
000000000000
000000000000
000000000000
000000000000
000000000000
000000000000
000000000000
000000000000
000000000000
000000000000
000000000000
000000000000
000000000000
000000000000
111011111110
101010111011
000000000000
000000000000
000100010001
000100100010
111111111111
111011101110
111011101110
111011101110
111011101110
111011101110
111011101110
111011101110
111011101110
111011101110
111011101110
111011101110
111011101110
111011101110
111011101110
111011101110
111011101110
111011101110
111011101110
111011101110
111011101110
111011101110
011001100110
000000000000
001000100011
000100010010
000100010001
000000000000
000000000000
000100010001
111111111111
000000000000
000000000000
000000000000
000000000000
000000000000
000000000000
000000000000
000000000000
000000000000
000000000000
000000000000
000000000000
000000000000
000000000000
000000000000
000000000000
000000000000
000000000000
000000000000
000000000000
000000000000
000000000000
000000000000
000000000000
000000000000
000000000000
000000000000
111011111111
110111011100
011001010001
110110100011
100001100010
001000100001
111111111111
111011101110
111011101110
111011101110
111011101110
111011101110
111011101110
111011101110
111011101110
111011101110
111011101110
111011101110
111011101110
111011101110
111011101110
111011101110
111011101110
111011101110
111011101110
111011101110
111011111110
111111111110
010101010101
000100010001
000000000000
000000000000
000100010001
010001000100
001100110011
001000100010
111111111111
000000000000
000000000000
000000000000
000000000000
000000000000
000000000000
000000000000
000000000000
000000000000
000000000000
000000000000
000000000000
000000000000
000000000000
000000000000
000000000000
000000000000
000000000000
000000000000
000000000000
000000000000
000000000000
000000000000
000000000000
111011111110
111011101110
111011101110
111011101111
110111011001
110010100000
111010110001
111010110000
100101110001
001000010010
111011101101
111011101110
111011101110
111011101110
111011101110
111111111110
111011101110
111011101110
111011101110
111011101110
111011101110
111011101110
111011101110
111011101110
111011101110
111011101110
111011101110
111011101110
111111101101
110010100100
111010110011
101110010011
000000000000
000000000000
000000000000
000000000000
000100010001
001100110100
100110000110
111011101111
111011111110
000000000000
000000000000
000000000000
000000000000
000000000000
000000000000
000000000000
000000000000
000000000000
000000000000
000000000000
000000000000
000000000000
000000000000
000000000000
000000000000
000000000000
000000000000
000000000000
000000000000
000000000000
000000000000
111111111110
111011111110
111011111110
111111111110
111011101101
101110000010
110110100000
111010110000
111010100001
110110100001
010000110001
000100010001
110111011101
111011101110
111011101110
111011101110
111011101110
111011101110
111011101110
111011101110
111011101110
111011101110
111011101110
111011101110
111011101110
111011101110
111011101110
111011101110
111011101110
110111011011
101110010000
111010110001
101010000001
000000000000
000000000000
000000000000
000000000000
000000010000
001100010000
110110110011
111011011100
111111111110
000000000000
000000000000
000000000000
000000000000
000000000000
000000000000
000000000000
000000000000
000000000000
000000000000
000000000000
000000000000
000000000000
000000000000
000000000000
000000000000
000000000000
000000000000
000000000000
000000000000
000000000000
111011111111
111011101100
110010100110
110010010011
110010100010
101110000000
110110010000
111010110000
111010110000
111010110000
111010110000
110010100001
000100000000
000000000000
101110111011
111011101110
111011101110
111011101110
111011101110
111011101110
111011101110
111011101110
111011101110
111011101110
111011101110
111011101110
111011101110
111011101110
111011101110
111011101110
110111001010
101110000001
111010100001
101110000001
000000000000
000000000000
000000000001
000000000000
000100000000
110010100011
111010100010
110110110111
111111101111
000000000000
000000000000
000000000000
000000000000
000000000000
000000000000
000000000000
000000000000
000000000000
000000000000
000000000000
000000000000
000000000000
000000000000
000000000000
000000000000
000000000000
000000000000
000000000000
000000000000
000000000000
111011101110
110010100110
110110100000
111010110000
111010100000
111010100000
110110110000
111010110001
111010110000
111010110001
111010110000
111010100000
100101100001
000000000000
000000000000
100010000111
111111111111
111011101110
111011101110
111011101110
111011101110
111011101110
111011101110
111011101110
111011101110
111011101110
111011101110
111011101110
111011101110
110011001100
110010111001
101110000001
111010100001
110010010001
011001000001
000100000000
000100000000
010100110000
110010100010
111010110001
111010110000
110110110110
111111111111
111111111111
000000000000
000000000000
000000000000
000000000000
000000000000
000000000000
000000000000
000000000000
000000000000
000000000000
000000000000
000000000000
000000000000
000000000000
000000000000
000000000000
000000000000
000000000000
000000000000
000000000000
111011101111
110010100101
111010100000
111010110001
111010110000
111010110000
111010110000
111010110000
111010110000
111010110001
111010110000
111010110000
111010110001
001100100000
000000000000
000000000000
010101010101
111111111110
111011101110
111011101110
111011101110
111011101110
111011101110
111011101110
111011101110
111011101110
111011101110
111011101110
111011101110
110011001100
110010111010
101110000001
111010100001
110110100001
110010010001
101110000001
110010000001
110010010001
110110100001
111010110001
111010110001
110110100001
111011101101
111011101110
111111101110
000000000000
000000000000
000000000000
000000000000
000000000000
000000000000
000000000000
000000000000
000000000000
000000000000
000000000000
000000000000
000000000000
000000000000
000000000000
000000000000
000000000000
000000000000
000000000000
111011101111
110010110110
110110100000
111010110000
111010110000
111010110000
111010110000
111010110000
111010110000
111010110000
111010110000
111010110000
111010110000
101110010001
000000000000
000000000000
000000000000
101010101010
111011101110
111011101110
111011101110
111011101110
111011101110
111011101110
111011101110
111011101110
111011101110
111011101110
111011101110
110011001100
110010111001
101110000001
111010110001
110110100010
110110100001
110010010001
110010010001
110110100001
111010110010
111010110010
111010110010
111010110010
110010100010
111011101101
111011101110
111011111110
000000000000
000000000000
000000000000
000000000000
000000000000
000000000000
000000000000
000000000000
000000000000
000000000000
000000000000
000000000000
000000000000
000000000000
000000000000
000000000000
000000000000
000000000000
111011111110
110010110111
110110100000
111010110000
111010110000
111010110000
111010110000
111010110000
111010110000
111010110000
111010110000
111010110000
111010110000
111010110000
011001010000
000000000000
000000000000
011101110110
111111111110
111011101110
111011101110
111011101110
111011101110
111011101110
111011101110
111011101110
111011101110
111011101110
111011101110
110111011101
010101000011
101110000001
111010110001
111010110010
111010110001
111010100001
111010110001
111010110001
111010110010
111010110010
111010110010
111010110010
111010110001
110010100011
111011011011
111111101110
000000000000
000000000000
000000000000
000000000000
000000000000
000000000000
000000000000
000000000000
000000000000
000000000000
000000000000
000000000000
000000000000
000000000000
000000000000
000000000000
000000000000
000000000000
111011101110
110110111001
110110010000
111010110000
111010110001
111010110000
111010110000
111010110000
111010110000
111010110000
111010110000
111010110000
111010110001
111010110000
110110100001
010000110010
010101010101
111011101110
111011101110
111011101110
111011101110
111011101110
111011101110
111011101110
111011101110
111011101110
111011101110
111011101110
111111111111
001100110011
001100100000
101110000001
111010110001
111010110010
111010110001
111010110001
111010110001
111010110001
111010110001
111010110010
111010110010
111010110001
111010110001
111010110010
101110010001
110111001011
111111101111
000000000000
000000000000
000000000000
000000000000
000000000000
000000000000
000000000000
000000000000
000000000000
000000000000
000000000000
000000000000
000000000000
000000000000
000000000000
000000000000
111111111111
111011111111
110010100110
110110100000
111010110000
111010110000
111010110000
111010110000
111010110001
111010110001
111010110000
111010110000
111010110000
111010110000
111010110000
111010110000
101110010010
111111101101
111011101110
111011101110
111111101110
111011101110
111011101110
111011101110
111011101110
111011101110
111011101110
111011101110
111011101110
001000100010
000000000000
010000110000
101110000001
111010110001
111010110010
111010110010
111010110010
111010110010
111010110010
111010110001
111010110001
111010110001
111010110001
111010110010
111010100001
101101110000
110011001001
111111111111
000000000000
000000000000
000000000000
000000000000
000000000000
000000000000
000000000000
000000000000
000000000000
000000000000
000000000000
000000000000
000000000000
000000000000
000000000000
000000000000
111111111111
111111111110
101110010011
111010100001
111010110001
111010110000
111010110000
111010110000
111010110000
111010110000
111010110000
111010110000
111010110000
111010110000
111010110000
111010110000
110010010001
100110000100
111111111111
111011101110
111111101110
111011101110
111011101110
111011101110
111011101110
111011101110
111111111111
101110111011
000100010001
000000000000
000000000000
010101000000
110010000000
111010110001
111010110010
111010110010
111010110010
111010110010
111010110010
111010110010
111010100010
111010100010
110110100001
110010010000
101001110000
101010000100
111111101110
000000000000
000000000000
000000000000
000000000000
000000000000
000000000000
000000000000
000000000000
000000000000
000000000000
000000000000
000000000000
000000000000
000000000000
000000000000
000000000000
000000000000
111111111111
110111001010
101110000000
111010100000
111010110000
111010110000
111010110000
111010110000
111010110000
111010110000
111010110000
111010110000
111010110000
111010110000
111010110000
111010110000
111010100000
100101110000
010000110010
100110011001
110111011101
111111111111
111111111111
111111111111
110111011101
101010101010
001100110011
000000000000
000000000000
000000000000
000000000000
011001010001
110010010001
111010110001
111010110001
111010110001
111010110001
111010110001
111010110001
110110100001
110010010001
101110000001
101001100000
100101100010
110010111001
111111111110
000000000000
000000000000
000000000000
000000000000
000000000000
000000000000
000000000000
000000000000
000000000000
000000000000
000000000000
000000000000
000000000000
000000000000
000000000000
000000000000
000000000000
000000000000
111111111111
110010111001
101001110000
110010010000
110110010000
110110100000
111010100001
111010100000
111010110000
111010110000
111010110000
111010110000
111010110000
111010110000
111010110000
111010110000
111010100000
101001110000
010000110000
000000000000
000000000000
000000000000
000000000000
000000000000
000000000000
000000000000
000000000000
000000000000
000000000000
000000000000
000000000000
011101010001
110010000001
110110100001
111010110001
111010110001
111010110010
110110100001
110110010001
101110000000
100101100000
100001100010
110010111001
111111111110
000000000000
000000000000
000000000000
000000000000
000000000000
000000000000
000000000000
000000000000
000000000000
000000000000
000000000000
000000000000
000000000000
000000000000
000000000000
000000000000
000000000000
000000000000
000000000000
000000000000
111111111111
111011101110
110010100111
101001110010
101001110000
101110000000
110010010000
110010010000
110110010000
110110100000
111010100000
111010110000
111010110001
111010110001
111010110000
111010100000
110110010000
101001110000
010000110000
000000000000
000000000000
000000000000
000000000000
000000000000
000000000000
000000000000
000000000000
000000000000
000000000000
000000000000
000000000000
011001000001
101101110000
110110010001
110110100001
110110100001
110110010001
110010000001
101001110000
100001010000
101010010110
111111111110
111011101111
000000000000
000000000000
000000000000
000000000000
000000000000
000000000000
000000000000
000000000000
000000000000
000000000000
000000000000
000000000000
000000000000
000000000000
000000000000
000000000000
000000000000
000000000000
000000000000
000000000000
000000000000
000000000000
111011111110
111011101110
111111111110
111011011011
101110100111
101001110011
100001100000
100101100000
101110000000
101110000000
110010010000
110110010000
111010100000
111010100000
110110010000
101110000000
100001100000
011101100100
101110101011
110011011100
111111101111
111111111111
111111111111
111011101110
101110111011
101010101010
100110011001
010101010101
000000000001
000000000000
010101000001
100001100000
101001110000
101110000000
101110000000
101101110000
101001110000
011101010000
110010111001
111111101110
111011111111
000000000000
000000000000
000000000000
000000000000
000000000000
000000000000
000000000000
000000000000
000000000000
000000000000
000000000000
000000000000
000000000000
000000000000
000000000000
000000000000
000000000000
000000000000
000000000000
000000000000
000000000000
000000000000
000000000000
000000000000
000000000000
000000000000
111011111111
111011101111
111111111111
111111111110
111011011011
101010010111
100110000100
011101010000
101001110000
101110000000
101110000000
101101110000
100001100000
010100110000
111011101110
111111101111
111011111110
111111101110
111011101110
111011101110
111111111111
111011101110
111011101110
111011101110
111111111111
111111111111
111011101110
010101010011
010100110000
100001010000
100101010000
100101010000
100001010000
011001000000
110010111010
111111101111
111011101110
000000000000
000000000000
000000000000
000000000000
000000000000
000000000000
000000000000
000000000000
000000000000
000000000000
000000000000
000000000000
000000000000
000000000000
000000000000
000000000000
000000000000
000000000000
000000000000
000000000000
000000000000
000000000000
000000000000
000000000000
000000000000
000000000000
000000000000
000000000000
000000000000
111011111110
111011111111
111111101111
111011101111
111111111111
111111101110
101010101000
011101100010
011001000000
010100110000
011101010011
110111011100
111111111111
111111111110
000000000000
000000000000
000000000000
000000000000
000000000000
000000000000
000000000000
000000000000
000000000000
000000000000
000000000000
111111111110
011101100101
001100100000
010000110000
010000110000
011101010011
110111011100
111011101110
111011111111
000000000000
000000000000
000000000000
000000000000
000000000000
000000000000
000000000000
000000000000
000000000000
000000000000
000000000000
000000000000
000000000000
000000000000
000000000000
000000000000
000000000000
000000000000
000000000000
000000000000
000000000000
000000000000
000000000000
000000000000
000000000000
000000000000
000000000000
000000000000
000000000000
000000000000
000000000000
000000000000
000000000000
111011101110
111011101110
111011101111
111111111110
111111111110
111011101101
111011101101
111111101110
111011101111
111011111110
000000000000
000000000000
000000000000
000000000000
000000000000
000000000000
000000000000
000000000000
000000000000
000000000000
000000000000
000000000000
000000000000
111111111110
111011101110
110111011101
111011101101
111111111111
111011101111
000000000000
000000000000
000000000000
000000000000
000000000000
000000000000
000000000000
000000000000
000000000000
000000000000
000000000000
000000000000
000000000000
000000000000
000000000000
000000000000
000000000000
000000000000
000000000000
000000000000
000000000000
000000000000
000000000000
000000000000
000000000000
000000000000
000000000000
000000000000
000000000000
000000000000
000000000000
000000000000
000000000000
000000000000
000000000000
000000000000
000000000000
111111111111
111111111111
111111111111
111111111111
111111111111
111111111111
000000000000
000000000000
000000000000
000000000000
000000000000
000000000000
000000000000
000000000000
000000000000
000000000000
000000000000
000000000000
000000000000
000000000000
000000000000
000000000000
111111111111
111111111111
111111111111
111111111111
000000000000
000000000000
000000000000
000000000000
000000000000
000000000000
000000000000
000000000000
000000000000
000000000000
000000000000
000000000000
000000000000
000000000000
000000000000
000000000000
000000000000
000000000000
000000000000
000000000000
000000000000
000000000000
000000000000
000000000000
000000000000
000000000000
000000000000
000000000000
000000000000
000000000000
000000000000
000000000000
000000000000
000000000000
000000000000
000000000000
000000000000
000000000000
000000000000
000000000000
000000000000
000000000000
000000000000
000000000000
000000000000
000000000000
000000000000
000000000000
000000000000
000000000000
000000000000
000000000000
000000000000
000000000000
000000000000
000000000000
000000000000
000000000000
000000000000
000000000000
000000000000
000000000000
000000000000
000000000000
000000000000
000000000000
000000000000
000000000000
000000000000
000000000000
000000000000
000000000000
000000000000
000000000000
000000000000
000000000000
000000000000
000000000000
000000000000
000000000000
000000000000
000000000000
000000000000
000000000000
000000000000
000000000000
000000000000
000000000000
000000000000
000000000000
000000000000
000000000000
000000000000
000000000000
000000000000
000000000000
000000000000
000000000000
000000000000
000000000000
000000000000
000000000000
000000000000
000000000000
000000000000
000000000000
000000000000
000000000000
000000000000
000000000000
000000000000
000000000000
000000000000
000000000000
000000000000
000000000000
000000000000
000000000000
000000000000
000000000000
000000000000
000000000000
000000000000
000000000000
000000000000
000000000000
000000000000
000000000000
000000000000
000000000000
000000000000
000000000000
000000000000
000000000000
000000000000
000000000000
000000000000
000000000000
000000000000
000000000000
000000000000
000000000000
000000000000
000000000000
000000000000
000000000000
000000000000
000000000000
000000000000
000000000000
000000000000
000000000000
000000000000
000000000000
000000000000
000000000000
000000000000
000000000000
000000000000
000000000000
000000000000
000000000000
000000000000
000000000000
000000000000
000000000000
000000000000
000000000000
000000000000
000000000000
000000000000
000000000000
000000000000
000000000000
000000000000
000000000000
000000000000
000000000000
000000000000
000000000000
000000000000
000000000000
000000000000
000000000000
000000000000
000000000000
000000000000
000000000000
000000000000
000000000000
000000000000
000000000000
000000000000
000000000000
000000000000
000000000000
000000000000
000000000000
000000000000
000000000000
000000000000
000000000000
000000000000
000000000000
000000000000
000000000000
000000000000
000000000000
000000000000
000000000000
000000000000
000000000000
000000000000
000000000000
000000000000
000000000000
000000000000
000000000000
000000000000
000000000000
000000000000
000000000000
000000000000
000000000000
000000000000
000000000000
000000000000
000000000000
000000000000
000000000000
000000000000
000000000000
000000000000
000000000000
000000000000
000000000000
000000000000
000000000000
000000000000
000000000000
000000000000
000000000000
000000000000
000000000000
000000000000
000000000000
000000000000
000000000000
000000000000
000000000000
000000000000
000000000000
000000000000
000000000000
000000000000
000000000000
000000000000
000000000000
000000000000
000000000000
000000000000
000000000000
000000000000
000000000000
000000000000
000000000000
000000000000
000000000000
000000000000
000000000000
000000000000
000000000000
000000000000
000000000000
000000000000
