000000000000
000000000000
000000000000
000000000000
000000000000
000000000000
000000000000
000000000000
000000000000
000000000000
000000000000
000000000000
000000000000
000000000000
000000000000
000000000000
000000000000
000000000000
000000000000
000000000000
000000000000
000000000000
000000000000
000000000000
000000000000
000000000000
000000000000
000000000000
000000000000
000000000000
000000000000
000000000000
000000000000
000000000000
000000000000
000000000000
000000000000
000000000000
000000000000
000000000000
000000000000
000000000000
000000000000
000000000000
000000000000
000000000000
000000000000
000000000000
000000000000
000000000000
000000000000
000000000000
000000000000
000000000000
000000000000
000000000000
000000000000
000000000000
000000000000
000000000000
000000000000
000000000000
000000000000
000000000000
000000000000
000000000000
000000000000
000000000000
000000000000
000000000000
000000000000
000000000000
000000000000
000000000000
000000000000
000000000000
000000000000
000000000000
000000000000
000000000000
000000000000
000000000000
000000000000
000000000000
000000000000
000000000000
000000000000
000100010001
001100110011
010001000100
011101110111
101010101010
110011001100
110011001100
110011001100
101110111011
101010101010
100110011001
011101110111
010001000100
001100110011
000100010001
000000000000
000000000000
000000000000
000000000000
000000000000
000000000000
000000000000
000000000000
000000000000
000000000000
000000000000
000000000000
000000000000
000000000000
000000000000
000000000000
000000000000
000000000000
000000000000
000000000000
000000000000
000000000000
000000000000
000000000000
000000000000
000000000000
000000000000
000000000000
000000000000
000000000000
000000000000
000000000000
000000000000
000000000000
000000000000
000000000000
000000000000
000000000000
000000000000
000000000000
000000000000
000000000000
000000000000
000000000000
000000000000
000000000000
000100010001
010001000100
101110111011
111011101110
111111111111
111111111111
111111111111
111111111111
111111111111
111111111111
111111111111
111111111111
111111111111
111011101110
111111111111
111111111111
111111111111
111111111111
110011001100
011101110111
001100110011
000000000000
000000000000
000000000000
000000000000
000000000000
000000000000
000000000000
000000000000
000000000000
000000000000
000000000000
000000000000
000000000000
000000000000
000000000000
000000000000
000000000000
000000000000
000000000000
000000000000
000000000000
000000000000
000000000000
000000000000
000000000000
000000000000
000000000000
000000000000
000000000000
000000000000
000000000000
000000000000
000000000000
000000000000
000000000000
000000000000
000000000000
000000000000
000000000000
000000000000
000000000000
000100010001
101110111011
111011101110
111111111111
111111111111
111011101110
111011101110
111011101110
110011001100
101110111011
100110011001
100010001000
011101110111
011101110111
011101110111
011101110111
100010001000
101110111011
110111011101
111011101110
111011101110
111111111111
111111111111
111011101110
100110011001
000000000000
000000000000
000000000000
000000000000
000000000000
000000000000
000000000000
000000000000
000000000000
000000000000
000000000000
000000000000
000000000000
000000000000
000000000000
000000000000
000000000000
000000000000
000000000000
000000000000
000000000000
000000000000
000000000000
000000000000
000000000000
000000000000
000000000000
000000000000
000000000000
000000000000
000000000000
000000000000
000000000000
000000000000
000000000000
000000000000
000000000000
000000000000
010001000100
111011101110
111111111111
111111111111
111011101110
101110111011
010001000100
000100100001
000100010001
000100010001
000100010001
001000100010
001000100010
001000100010
001000100010
001000100010
001000100010
001000100010
000100100001
000100010001
001000100010
001100110011
011101110111
110111011101
111011101110
111111111111
111011101110
110111011101
010001000100
000000000000
000000000000
000000000000
000000000000
000000000000
000000000000
000000000000
000000000000
000000000000
000000000000
000000000000
000000000000
000000000000
000000000000
000000000000
000000000000
000000000000
000000000000
000000000000
000000000000
000000000000
000000000000
000000000000
000000000000
000000000000
000000000000
000000000000
000000000000
000000000000
000000000000
000000000000
000000000000
000000000000
000000000000
101010101010
111011101110
111111111111
111011101110
100110011001
001100110011
000100010001
001000100010
001100110011
001100110011
001100110011
001100110011
001100110011
001100110011
001100110011
001100110011
001100110011
001100110011
001100110011
001100110011
001100110011
001100110011
001000100010
001000100010
000100010001
001000100010
011001100110
110111011101
111011101110
111011101110
110011001100
010001000100
000000000000
000000000000
000000000000
000000000000
000000000000
000000000000
000000000000
000000000000
000000000000
000000000000
000000000000
000000000000
000000000000
000000000000
000000000000
000000000000
000000000000
000000000000
000000000000
000000000000
000000000000
000000000000
000000000000
000000000000
000000000000
000000000000
000000000000
000000000000
000000000000
000000000000
001100110011
110111011101
111111111111
111011101110
101110111011
001100110011
000100100001
001000100010
001100110011
001100110011
001100110011
001100110011
001100110011
001100110011
001100110011
001100110011
001100110011
001100110011
001100110011
001100110011
001100110011
001100110011
001100110011
001100110011
001100110011
001100110011
001100110011
001000100010
000100010001
000100010001
001100110011
100010001000
111011101110
111011101110
101110111011
001100110011
000000000000
000000000000
000000000000
000000000000
000000000000
000000000000
000000000000
000000000000
000000000000
000000000000
000000000000
000000000000
000000000000
000000000000
000000000000
000000000000
000000000000
000000000000
000000000000
000000000000
000000000000
000000000000
000000000000
000000000000
000000000000
000000000000
000000000000
001100110011
111011101110
111111111111
111011101110
100010001000
000100010001
001000100010
001100110011
001100110011
001100110011
001100110011
001100110011
001100110011
001100110011
001100110011
001100110011
001100110011
001100110011
001100110011
001100110011
001100110011
001100110011
001100110011
001100110011
001100110011
001100110011
001100110011
001100110011
001100110011
001100110011
001000100010
001000100010
000100010001
001000100010
011001100110
110011001100
111011101110
100110011001
000000000000
000000000000
000000000000
000000000000
000000000000
000000000000
000000000000
000000000000
000000000000
000000000000
000000000000
000000000000
000000000000
000000000000
000000000000
000000000000
000000000000
000000000000
000000000000
000000000000
000000000000
000000000000
000000000000
000000000000
000000000000
001100110011
111011101110
111111111111
110111011101
011001100110
000100010001
001100110011
001100110011
001100110011
001100110011
001100110011
001100110011
001100110011
001100110011
001100110011
001100110011
001100110011
001100110011
001100110011
001100110011
001100110011
001100110011
001100110011
001100110011
001100110011
001100110011
001100110011
001100110011
001100110011
001100110011
001100110011
001100110011
001100110011
001100110011
001000100010
000100010001
000100010001
011101110111
111011101110
111011101110
010001000100
000000000000
000000000000
000000000000
000000000000
000000000000
000000000000
000000000000
000000000000
000000000000
000000000000
000000000000
000000000000
000000000000
000000000000
000000000000
000000000000
000000000000
000000000000
000000000000
000000000000
000000000000
000000000000
001000100010
111011101110
111011101110
110011001100
001100110011
000100100001
001100110011
001100110011
001100110011
001100110011
001100110011
001100110011
001100110011
001100110011
001100110011
001100110011
001100110011
001100110011
001100110011
001100110011
001100110011
001100110011
001100110011
001100110011
001100110011
001100110011
001100110011
001100110011
001100110011
001100110011
001100110011
001100110011
001100110011
001100110011
001100110011
001100110011
001100110011
001000100010
000100010001
001100110011
110111011101
111111111111
011001100110
000000000000
000000000000
000000000000
000000000000
000000000000
000000000000
000000000000
000000000000
000000000000
000000000000
000000000000
000000000000
000000000000
000000000000
000000000000
000000000000
000000000000
000000000000
000000000000
000000000000
001000100010
111011101110
111111111111
110011001100
001000100010
001000100010
001100110011
001100110011
001100110011
001100110011
001100110011
001100110011
001100110011
001100110011
001100110011
001100110011
001100110011
001100110011
001100110011
001100110011
001100110011
001100110011
001100110011
001100110011
001100110011
001100110011
001100110011
001100110011
001100110011
001100110011
001100110011
001100110011
001100110011
001100110011
001100110011
001100110011
001100110011
001100110011
001100110011
001000100010
000100010001
000100010001
110011001100
111011101110
101010101010
000000000000
000000000000
000000000000
000000000000
000000000000
000000000000
000000000000
000000000000
000000000000
000000000000
000000000000
000000000000
000000000000
000000000000
000000000000
000000000000
000000000000
000000000000
001000100010
111111111111
111111111111
110111011101
001000100010
001000100010
001100110011
001100110011
001100110011
001100110011
001100110011
001100110011
001100110011
001100110011
001100110011
001100110011
001100110011
001100110011
001100110011
001100110011
001100110011
001100110011
001100110011
001100110011
001100110011
001100110011
001100110011
001100110011
001100110011
001100110011
001100110011
001100110011
001100110011
001100110011
001100110011
001100110011
001100110011
001100110011
001100110011
001100110011
001100110011
001100110011
000100010001
000000000000
110011001100
111111111111
011101110111
000000000000
000000000000
000000000000
000000000000
000000000000
000000000000
000000000000
000000000000
000000000000
000000000000
000000000000
000000000000
000000000000
000000000000
000000000000
000000000000
000100010001
111011101110
111111111111
111011101110
001000100010
001000100010
001100110011
001100110011
001100110011
001100110011
001100110011
001100110011
001100110011
001100110011
001100110011
001100110011
001100110011
001100110011
001100110011
001100110011
001100110011
001100110011
001100110011
001100110011
001100110011
001100110011
001100110011
001100110011
001100110011
001100110011
001100110011
001100110011
001100110011
001100110011
001100110011
001100110011
001100110011
001100110011
001100110011
001100110011
001100110011
001100110011
001100110011
001100110011
000100010001
000100010001
110111011101
111011101110
001100110011
000000000000
000000000000
000000000000
000000000000
000000000000
000000000000
000000000000
000000000000
000000000000
000000000000
000000000000
000000000000
000000000000
000000000000
000100010001
110111011101
111111111111
111011101110
010101010101
001000100010
001100110011
001100110011
001100110011
001100110011
001100110011
001100110011
001100110011
001100110011
001100110011
001100110011
001100110011
001100110011
001100110011
001100110011
001100110011
001100110011
001100110011
001100110011
001000100010
001000100010
001100110011
001100110011
001100110011
001100110011
001100110011
001100110011
001100110011
001100110011
001100110011
001100110011
001100110011
001100110011
001100110011
001100110011
001100110011
001100110011
001100110011
001100110011
001100110011
001100110011
000000000000
011001100110
111111111111
110011001100
000000000000
000000000000
000000000000
000000000000
000000000000
000000000000
000000000000
000000000000
000000000000
000000000000
000000000000
000000000000
000000000000
000100010001
110011001100
111111111111
111011101110
101010101010
000100010001
001100110011
001100110011
001100110011
001100110011
001100110011
001100110011
001100110011
001100110011
001100110011
001100110011
001100110011
001100110011
001100110011
001100110011
001100110011
001100110011
001100110011
001100110011
001100110011
000100010001
001000100010
001100110011
001100110011
001100110011
001100110011
001100110011
001100110011
001100110011
001100110011
001100110011
001100110011
001100110011
001100110011
001100110011
001100110011
001100110011
001100110011
001100110011
001100110011
001100110011
001100110011
001000100010
000100010001
101110111011
111011101110
010001000100
000000000000
000000000000
000000000000
000000000000
000000000000
000000000000
000000000000
000000000000
000000000000
000000000000
000000000000
000000000000
110011001100
111111111111
111011101110
101010101010
000100010001
001100110011
001100110011
001100110011
001100110011
001100110011
001100110011
001100110011
001100110011
001100110011
001100110011
001100110011
001100110011
001100110011
001100110011
001100110011
001100110011
001100110011
001100110011
001100110011
001100110011
000100010001
001000100010
001100110011
001100110011
001100110011
001100110011
001100110011
001100110011
001100110011
001100110011
001100110011
001100110011
001100110011
001100110011
001100110011
001100110011
001100110011
001100110011
001100110011
001100110011
001100110011
001100110011
001100110011
000100010001
010101010101
111011101110
100110011001
000000000000
000000000000
000000000000
000000000000
000000000000
000000000000
000000000000
000000000000
000000000000
000000000000
011001100110
110111011101
111111111111
111011101110
100010001000
001000100010
001000100010
001100110011
001100110011
001100110011
001100110011
001100110011
001100110011
001100110011
001100110011
001100110011
001100110011
001100110011
001100110011
000100010001
001100110011
001100110011
001100110011
001100110011
001100110011
001100110011
001100110011
000000010000
001100110011
001100110011
001100110011
001100110011
001100110011
001100110011
001100110011
001100110011
001100110011
001100110011
001100110011
001100110011
001100110011
001100110011
001100110011
001100110011
001100110011
001100110011
001100110011
001100110011
001100110011
001100110011
000100010001
000100010001
110111011101
110011001100
000000000000
000000000000
000000000000
000000000000
000000000000
000000000000
000000000000
001100110011
100010001000
110111011101
111111111111
111011101110
110111011101
011001100110
001000100010
001100110011
001100110011
001100110011
001100110011
001100110011
001100110011
001100110011
001100110011
001100110011
001100110011
001100110011
001100110011
001100110011
001000100010
000100010001
001100110011
001100110011
001100110011
001100110011
001100110011
001100110011
001000110010
000000000000
001100110011
001100110011
001100110011
001100110011
001100110011
001100110011
001100110011
001100110011
001100110011
001100110011
001100110011
001100110011
001100110011
001100110011
001100110011
001100110011
001100110011
001100110011
001100110011
001100110011
001100110011
001100110011
001000100010
000000000000
101010101010
110111011101
000000000000
000000000000
000000000000
000000000000
000000000000
000000000000
011101110111
111111111111
111111111111
111111111111
111011101110
101010101010
001000100010
001000100010
001100110011
001100110011
001100110011
001100110011
001100110011
001100110011
001100110011
001100110011
001100110011
001100110011
001100110011
001100110011
001100110011
001100110011
000100010001
000100010001
001100110011
001100110011
001100110011
001100110011
001100110011
001100110011
001000100010
000000000000
001100110011
001100110011
001100110011
001100110011
001100110011
001100110011
001100110011
001100110011
001100110011
001100110011
001100110011
001100110011
001100110011
001100110011
001100110011
001100110011
001100110011
001100110011
001100110011
001100110011
001100110011
001100110011
001100110011
000000000000
011101110111
111011101110
000100010001
000000000000
000000000000
000000000000
000000000000
000000000000
110111011101
111111111111
110111011101
110011001100
001000100010
001000100010
001100110011
001100110011
001100110011
001100110011
001100110011
001100110011
001100110011
001100110011
001100110011
001100110011
001100110011
001100110011
001100110011
001100110011
000100010001
001100110011
000100010001
001000100010
001100110011
001100110011
001100110011
001100110011
001100110011
001100110011
001000100010
000000000000
001100110011
001100110011
001100110011
001100110011
001100110011
001100110011
001100110011
001100110011
001100110011
001100110011
001100110011
001000100010
001100110011
001100110011
001000100010
001100110011
001100110011
001100110011
001100110011
001100110011
001100110011
001100110011
001100110011
000100010001
010101010101
111111111111
010101010101
000000000000
000000000000
000000000000
000000000000
000000000000
101010101010
111111111111
100010001000
000100010001
001000100010
001000110010
001000100010
000000000000
001000100010
001100110011
001100110011
001100110011
001100110011
001100110011
001100110011
001100110011
001100110011
001100110011
001100110011
000100010001
001000100010
001100110011
000100010001
001000100010
001100110011
001100110011
001100110011
001100110011
001100110011
001100110011
001000100010
000000000000
001000100010
001100110011
001100110011
001100110011
001100110011
001100110011
001100110011
001100110011
001100110011
001100110011
001100110011
000100010001
001100110011
001100110011
000100010001
001000100010
001100110011
001100110011
001100110011
001100110011
001100110011
001100110011
001100110011
000100010001
001000100010
111111111111
100110011001
000000000000
000000000000
000000000000
000000000000
000000000000
001000100010
111011101110
111011101110
110111011101
011001100110
001000100010
010101010101
001000100010
001100110011
001100110011
001100110011
001100110011
001100110011
001100110011
001100110011
001100110011
001100110011
001100110011
001100110011
000000000000
001100110011
001100110011
000000000000
001000100010
001100110011
001100110011
001100110011
001100110011
001100110011
001100110011
001100110011
000000000000
001000100010
001100110011
001100110011
001100110011
001100110011
001100110011
001100110011
001000100010
001100110011
001100110011
001100110011
000100010001
001000100010
001100110011
000100010001
001000100010
001100110011
001100110011
001100110011
001100110011
001100110011
001100110011
001100110011
001000100010
000100010001
110111011101
110011001100
000000000000
000000000000
000000000000
000000000000
000000000000
000000000000
001000100010
110011001100
111111111111
111011101110
111011101110
111011101110
001000100010
001100110011
001100110011
001100110011
001100110011
001100110011
001100110011
001100110011
001100110011
001100110011
001100110011
001000100010
000100010001
001100110011
001000100010
000000000000
000100010001
001100110011
001100110011
001100110011
001100110011
001100110011
001100110011
001100110011
000000000000
000100010001
001100110011
001100110011
001100110011
001100110011
001100110011
001100110011
000100010001
001100110011
001100110011
001100110011
001000100010
000100010001
001100110011
000100010001
000100010001
001100110011
001100110011
001100110011
001100110011
001100110011
001100110011
001100110011
001000100010
000000000000
101010101010
110111011101
000000000000
000000000000
000000000000
000000000000
000000000000
000000000000
000000000000
000000000000
100110011001
111011101110
111111111111
110011001100
001000100010
001100110011
001100110011
001100110011
001100110011
001100110011
001100110011
001100110011
001100110011
001100110011
001100110011
000000010000
001000100010
001100110011
000100010001
001000100010
000100010001
001100110011
001100110011
001100110011
001100110011
001100110011
001100110011
001100110011
000100010001
000100010001
001100110011
001100110011
001100110011
001100110011
001100110011
001100110011
000100010001
001000100010
001100110011
001100110011
001000100010
000000000000
001100110011
001000100010
000000000000
001000110010
001100110011
001100110011
001100110011
001100110011
001100110011
001100110011
001000110010
000000000000
100010001000
111011101110
000000000000
000000000000
000000000000
000000000000
000000000000
000000000000
000000000000
000000000000
000000000000
111011101110
111111111111
101010101010
001000100010
001100110011
001100110011
001100110011
001100110011
001000100010
001100110011
001100110011
001100110011
001100110011
001000100010
000000000000
001000100010
001100110011
000000000000
011101110110
000100010001
001000100010
001000100010
001100110011
001100110011
001100110011
001100110011
001100110011
001000100010
000000000000
001000110010
001100110011
001000100010
000100010001
001100110011
001100110011
001000100010
000100010001
001100110011
001100110011
001100110011
000000000000
001000100010
001100110011
000100010001
001000100010
001100110011
001100110011
001100110011
001100110011
001100110011
001100110011
001100110011
000100010001
011101110111
111011101110
000100010001
000000000000
000000000000
000000000000
000000000000
000000000000
000000000000
000000000000
000000000000
110111011101
111111111111
100110011001
001000100010
001100110011
001100110011
001000100010
001100110011
000100010001
001100110011
001100110011
001100110011
001100110011
001000100010
000000000000
000000010000
001000100010
000000000000
011001100101
000100010001
000100010001
001000100010
001000100010
001100110011
001100110011
001100110011
001100110011
001000100010
000000000000
000000000000
000100010001
000000000000
000000000000
000100010001
000100010001
000100010001
000000000000
001000100010
001100110011
001100110011
000000000000
001000100010
001100110011
000100010001
000100010001
001100110011
001100110011
001100110011
001100110011
001100110011
001100110011
001100110011
000100010001
010101010101
111111111111
010001000100
000000000000
000000000000
000000000000
000000000000
000000000000
000000000000
000000000000
000000000000
110111011101
111111111111
100010001000
001000100010
001100110011
000100010001
000100010001
001100110011
000100010001
001000110010
001100110011
001100110011
001100110011
001000010001
001000100010
000100010001
000000000000
001100110010
010101010101
010001000100
001000100010
001000100010
000000010000
001100110011
001100110011
001100110011
001100110011
001000100010
000000000000
000100010001
001000100010
000000000000
000100010001
000100010001
001000100010
001000110010
000100010001
000100010001
001000100010
001100110011
000000000000
001000100010
001100110011
001000100010
000100010001
001100110011
001100110011
001100110011
001100110011
001100110011
001100110011
001100110011
000100010001
010001000100
111111111111
100010001000
000000000000
000000000000
000000000000
000000000000
000000000000
000000000000
000000000000
000000000000
110111011101
111111111111
011101110111
001000100010
001100110011
000000000000
001000100010
001100110011
000100010001
001000100010
001100110011
001100110011
001100110011
001000100010
100001110111
000100000000
000000000000
101110101010
111011011100
101010011001
000100010001
001000100010
000000000000
000100010001
001100110011
001100110011
001100110011
001000110010
000100010001
000100010001
001000100010
000000000000
010101010101
001100110011
001000100010
001100110011
000100010001
001100110011
000100010001
001100110011
000000000000
001000100010
001100110011
001100110011
000000000000
001000100010
001100110011
001100110011
001100110011
001100110011
001100110011
001100110011
000100010001
001100110011
111111111111
110011001100
000000000000
000000000000
000000000000
000000000000
000000000000
000000000000
000000000000
000000000000
110111011101
111111111111
011001100110
001000100010
001000100010
000000000000
001000100010
001100110011
000100010001
000100010001
001100110011
001100110011
001000100010
010001000100
101110101010
000000000000
000100010001
110010111011
111011011101
110111001100
001100110011
000100010001
000100010001
001100100010
000100010001
001100110011
001100110011
001000110010
000100010001
011101100110
000100010001
000000000000
100001110111
110010111011
001000100010
000100010001
000100010001
010001000100
101010011001
000100010001
000000000000
000100010001
001000100010
001100110011
000100010001
000100010001
001100110011
001100110011
001100110011
001100110011
001100110011
001100110011
000100010001
001000100010
111011101110
110111011101
000000000000
000000000000
000000000000
000000000000
000000000000
000000000000
000000000000
000000000000
110111011101
111111111111
010101010101
001000100010
000100010001
000100010001
001000100010
001100110011
001000100010
000000000000
001100110011
001100110011
001000100010
000100010001
010000110011
000000000000
000100000000
010001000100
011001100110
100110011000
010101010101
000100010001
000100010001
101110101010
010000110011
000100010001
001100110011
001000110010
000100010001
101110111010
000000000000
000000000000
001000010001
001000100010
000100010001
000000000000
000000000000
000000000000
001000100010
010000110011
000000000000
000100010001
000000000000
001000100010
001000100010
000000000000
001000100010
001100110011
001100110011
001100110011
001100110011
001100110011
001000100010
000100010001
111011101110
111011101110
000000000000
000000000000
000000000000
000000000000
000000000000
000000000000
000000000000
000000000000
110111011101
111111111111
010101010101
001000100010
000100010001
011101110111
000100010001
001100110011
001100110011
000000000000
001000100010
001100110011
001000100010
000100010001
000100010001
000000000000
000000000000
000000000000
000000000000
000000000000
000100010001
000100000000
000100010001
010101010101
110111001100
010101010101
000100010001
001000100010
001000100010
110010111011
010001000100
000000000000
000000000000
000100010001
000100010001
000100010001
000000000000
000000000000
000100010001
000100010001
000000000000
001000100010
000100010001
000100010001
001000100010
000100010001
000100010001
001100110011
001100110011
001100110011
001100110011
001100110011
001000100010
000100010001
101010101010
111111111111
011001100110
000000000000
000000000000
000000000000
000000000000
000000000000
000000000000
000000000000
110111011101
111111111111
010101010101
000100010001
010101010101
100110011001
000100010001
001100110011
001100110011
000100010001
000100010001
001100110011
000100010001
000100010001
000100010001
000000000000
000000000000
000000000000
000000000000
000100010001
001000010001
100001110111
100110001000
010001000100
111011011100
111011011100
100110001000
001100110011
000100010001
110010111010
010001000100
000100010001
000000000001
000000010001
000000010001
000000010001
000000000000
000100010001
000100010001
000100010001
000000000000
001000100010
001100110011
000100010001
000000000000
000100010001
000000000000
000100010001
001000100010
001100110011
001100110011
001100110011
001100110011
000100010001
010101010101
111111111111
111011101110
000000000000
000000000000
000000000000
000000000000
000000000000
000000000000
000000000000
110111011101
111111111111
010101010101
000000000000
101010101010
101110111011
000100010001
001100110011
001000100010
001000100010
000000010000
001000100010
000100010001
100110011000
001100110011
001001000101
001110001001
001110001001
001101111000
001000100010
101110101010
111011011101
111011011100
111011011100
111011011101
111011011101
111011011101
110111001100
011001100110
111011011101
110111001100
000100100010
001101111000
001110001001
001110001001
001110001001
001001000101
010001000100
110111001100
101010011001
000000000000
001000100010
001100110011
001100110011
001000100010
000100010001
000000000000
000000000000
000000000000
001000100010
001100110011
001100110011
001100110011
000100010001
001000100010
111011101110
111111111111
001100110011
000000000000
000000000000
000000000000
000000000000
000000000000
000000000000
110011001100
111111111111
011101110111
000100010001
110111011101
110011001100
000100010001
001100110011
000000000000
001000100010
000100010001
000100010001
000100010001
101110111011
011101110111
001110001001
001110001001
001110001001
001110001001
000100110011
100110011001
111011011101
111011011101
111011011101
111011011101
111011011101
111011011101
111011011101
111011011101
111011011101
110111001100
100110011001
010110011010
001110001001
001110001001
001110001001
001101111000
001000100010
111011011101
011101100110
000100010001
001100110011
001100110011
001100110011
001100110011
001100110011
001000100010
000100010001
000100010001
000100010001
001100110011
001100110011
001100110011
001000100010
000000000000
100010001000
111111111111
101110111011
000000000000
000000000000
000000000000
000000000000
000000000000
000000000000
100110011001
111111111111
100110011001
010101010101
111111111111
111011101110
000100010001
000100010001
000000000000
000100010001
001000110010
000000000000
000100010001
100110011001
110011001100
001110001001
001110001001
001110001001
001110001001
000100110100
100001110111
111011011101
111011011101
111011011101
111011011101
111011011101
111011011101
111011011101
111011011101
111011011101
110111001100
110011001100
010110011010
001110001001
001110001001
001110001001
001001100111
001100110011
110111001100
000100010001
001000100010
001100110011
001100110011
001000100010
001100110011
001100110011
001100110011
001100110011
001100110011
001100110011
001100110011
001100110011
001100110011
001100110011
000100010001
000100010001
111011101110
111111111111
001000100010
000000000000
000000000000
000000000000
000000000000
000000000000
011001100110
111111111111
101010101010
100010001000
111111111111
111111111111
011001100110
000000000000
000100010001
000100010001
001100110011
001000100010
000000000000
010101000100
000100010001
001101111001
001110001001
001110001001
001110001001
000100110011
100010001000
111011011101
111011011101
111011011101
111011011101
111011011101
111011011101
111011011101
111011011101
111011011101
110111001100
001000100010
000100110100
000101000101
001001010110
000101000101
000100010010
100110001000
110010111011
000000000000
001100110011
001100110011
000100010001
001000100010
001100110011
001100110011
001100110011
001100110011
001100110011
001100110011
001100110011
001100110011
001100110011
001100110011
001000100010
000000000000
101110111011
111111111111
011101110111
000000000000
000000000000
000000000000
000000000000
000000000000
000000000000
111011101110
111011101110
111011101110
111111111111
111111111111
110111011101
000100010001
011101110111
000000000000
001100110011
001100110011
001000100010
000000000000
010101000100
001000100010
000100100010
000100010010
000000010001
001100110011
110111001100
111011011101
111011011101
111011011101
111011011101
111011011101
111011011101
111011011101
111011011101
111011011101
111011011101
110111001100
100110011001
011101100110
010101000100
011001000100
101010001000
111010111011
101010011000
000100010000
001100110011
001000110010
000100010001
001100110011
001100110011
001100110011
001100110011
001100110011
001100110011
001100110011
001100110011
001000110010
001000100010
001000100010
001100110011
000000000000
001000100010
111011101110
110111011101
000000000000
000000000000
000000000000
000000000000
000000000000
000000000000
110111011101
111111111111
111111111111
111011101110
111011101110
111011101110
100010001000
110111011101
000100010001
001000100010
001100110011
001000100010
000000000000
010101000011
110110111010
110010101010
110010101010
110010111010
110111001100
111011011101
111011011101
111011011101
111011011101
111011011101
111011011101
111011011101
111011011101
111011011101
111011011101
111011011101
111011011101
111011011100
111011001100
111010111010
111010101010
111010101001
111010011001
001100100010
001000100010
001100110011
000100010001
001000100010
001100110011
001100110011
001100110011
001100110011
001100110011
001100110011
001100110011
001100110011
001000100010
001000100010
100010001000
000100010001
001000100010
000000000000
110111011101
111111111111
010001000100
000000000000
000000000000
000000000000
000000000000
000000000000
001100110011
111011101110
111111111111
101010101010
010101010101
111111111111
111111111111
111011101110
001000100010
000100010001
001100110011
001000100010
000000000000
101010000111
111010111011
111010111011
111011001011
111011001100
111011011100
111011011101
111011011101
111011011101
111011011101
111011011101
111011011101
111011011101
111011011101
111011011101
111011011101
111011011101
111011011101
111011011101
111011001100
111011001011
110110111010
110110111010
101010011000
000100010000
001100110011
001000100010
000100010001
001100110011
001100110011
001100110011
001100110011
001100110011
001100110011
001100110011
001100110011
001100110011
001000100010
000100100001
110111011101
011101110111
000100010001
000100010001
011101110111
111111111111
100010001000
000000000000
000000000000
000000000000
000000000000
000000000000
000000000000
010001000100
011001100110
000100010001
000000000000
101010101010
111111111111
111111111111
010001000100
000000000000
001000100010
001100110011
000000000000
100001100110
111011001011
111011001011
111011001100
111011001100
111011011100
111011011101
111011011101
111011011101
111011011101
111011011101
111011011101
111011011101
111011011101
111011011101
111011011101
111011011101
111011011101
111011011101
111011011100
110110111011
101010011001
101110101001
010001000011
001000100010
001000100010
000000000000
001100110011
001100110011
001100110011
001100110011
001100110011
001100110011
001100110011
001000100010
001100110011
001100110011
001000100010
000100010001
110111011101
111011101110
011101110111
001000100010
001100110011
111111111111
101010101010
000000000000
000000000000
000000000000
000000000000
000000000000
000000000000
000000000000
000000000000
000000000000
000000000000
000100010001
111111111111
111111111111
011001100110
000000000000
001000100010
001100110011
000100010001
001100110011
111011001100
111011001100
111011001100
111011011100
111011011101
111011011101
111011011101
111011011101
111011011101
111011011101
111011011101
111011011101
111011011101
111011011101
111011011101
111011011101
111011011101
111011011101
111011011101
100010001000
101010011001
101010011001
000000000000
000000000000
000000000000
001000100010
001100110011
001100110011
001100110011
001100110011
001100110011
001100110011
001000100010
000100010001
001100110011
001100110011
001000100010
000100010001
110111011101
111111111111
111011101110
011101110111
001100110011
111011101110
110011001100
000000000000
000000000000
000000000000
000000000000
000000000000
000000000000
000000000000
000000000000
000000000000
000000000000
000100010001
111111111111
111111111111
001000100010
000000000000
000000000000
001100110011
000100010001
000000000000
101010101001
111011011100
111011011101
111011011101
111011011101
111011011101
111011011101
111011011101
111011011101
111011011101
111011011101
111011011101
111011011101
111011011101
111011011101
111011011101
111011011101
111011011101
111011011101
100110001000
100001110111
101010011001
000100010001
000000000000
001000110010
001100110011
001000100010
001000100010
001100110011
001100110011
001100110011
001100110011
000100010001
001000100010
001100110011
001100110011
001000100010
000100010001
110111011101
111011101110
101110111011
111111111111
111011101110
111111111111
101110111011
000000000000
000000000000
000000000000
000000000000
000000000000
000000000000
000000000000
000000000000
000000000000
000000000000
001000100010
111111111111
101110111011
000000000000
000000000000
000000000000
001000100010
001000100010
000000000000
000100010001
110010111011
111011011100
111011011101
111011011101
111011011101
111011011101
111011011101
111011011100
011101110111
100001110111
100001110111
011101100110
011101010101
100110001000
111011011100
111011011101
111011011101
111011011101
111011011101
111011011100
110010111011
001100110011
000100010001
001100110011
001000100010
000000000000
001000100010
001000100010
001000100010
001100110011
001100110011
000100010001
001100110011
001100110011
001100110011
001000100010
000100010001
110011001100
110011001100
000000000000
011001100110
110111011101
110011001100
001100110011
000000000000
000000000000
000000000000
000000000000
000000000000
000000000000
000000000000
000000000000
000000000000
000000000000
010101010101
111011101110
001100110011
000100010001
000000000000
000000000000
000100010001
001000100010
000000000000
000000000000
000100010001
110010111011
111011011100
111011011101
111011011101
111011011101
111011011101
111011011101
111011011101
010000110011
110010001000
110110011001
110110011001
100101100110
110010111011
111011011101
111011011101
111011011100
110010111011
010001000100
000000000000
000000000000
001000100010
001000100010
000000000000
001000100010
001000100010
000000000000
001000100010
001100110011
001000100010
000100010001
001100110011
001000100010
001000100010
001100110011
000000000000
101010101010
110011001100
000000000000
000000000000
000000000000
000000000000
000000000000
000000000000
000000000000
000000000000
000000000000
000000000000
000000000000
000000000000
000000000000
000000000000
000000000000
101010101010
110111011101
000100010001
100010001000
000100010001
000100010001
000100010001
001000100010
000100010001
000000000000
000000000000
000100010001
011001100110
111011011100
111011011100
111011011101
111011011101
111011011101
111011011101
111011001100
111011001100
111011001100
111011001100
111011001100
111011011101
111011011100
100110011000
001000100010
000100010001
000100010001
000000000000
000100010001
001000100010
000000000000
001000100010
001000100010
000000000000
000100010001
001100110011
001100110011
000000000000
001100110011
001100110011
000100010001
000100010001
001000100010
000100010001
011101110111
110111011101
000000000000
000000000000
000000000000
000000000000
000000000000
000000000000
000000000000
000000000000
000000000000
000000000000
000000000000
000000000000
000000000000
000000000000
000100010001
111011101110
100110011001
101010101010
111011101110
001000110010
100110011001
011101110111
000100010001
001000100010
000000000000
000000000000
000100010001
000100010001
000100010001
010101000100
110010111011
111011011101
111011011101
111011011101
111011011101
111011011101
111011011101
111011011101
110010111011
010101010100
001000100010
000100010001
000100010001
000100010001
000000000000
000100010001
001000100010
000000000000
001000100010
001000100010
000100010001
000100010001
001000100010
001000110010
000000000000
000000000000
001100110011
001100110011
000100010001
001100110011
000100010001
000100010001
001100110011
111011101110
000000000000
000000000000
000000000000
000000000000
000000000000
000000000000
000000000000
000000000000
000000000000
000000000000
000000000000
000000000000
000000000000
000000000000
001000100010
111111111111
111011101110
111111111111
111111111111
111011101110
111011101110
110111011101
001100110011
000100010001
000000000000
000000000000
000000000000
000100010001
000100010001
000000000000
000100010001
001100110011
011001010101
100010001000
101110101010
101110101010
011001100101
001100100010
000100010001
000100000000
000100010001
000100010001
000100010001
000100010001
000000000000
000100010001
000000000000
001000100010
001000100010
000100010001
011001100110
000100010001
001000100010
000100010001
000100010001
000100010001
001100110011
000100010001
010001000100
110011001100
001000100010
000100010001
000100010001
110111011101
110011001100
000000000000
000000000000
000000000000
000000000000
000000000000
000000000000
000000000000
000000000000
000000000000
000000000000
000000000000
000000000000
000000000000
000000000000
001000100010
101010101010
011001100110
111011101110
111111111111
111111111111
111111111111
110011001100
001000100010
000000000000
000000000000
000000000000
000100010001
000000000000
000100010001
000100010001
000100010001
000000000000
000000000000
000100010000
001100100010
010000110011
001100110011
001000100010
000100000001
000000000001
000000010001
000000000000
000000000001
000000000000
000100010001
000100010001
000100010001
000100010001
100010001000
011001100110
000100010001
000100010001
001100110011
100010001000
000100010001
000100100001
000100010001
110011001100
111011101110
101010101010
001000100010
000100010001
011001100110
111011101110
011101110111
000000000000
000000000000
000000000000
000000000000
000000000000
000000000000
000000000000
000000000000
000000000000
000000000000
000000000000
000000000000
000000000000
000000000000
000000000000
000000000000
001000100010
010001000100
011101110111
111011101110
111111111111
110111011101
011101110111
001100110011
000000000000
000000000000
000000000000
000000000000
000000000001
000000000001
000000010010
000000010010
000100010000
001100100010
010000110010
010101000010
001000010001
000000000001
000100100100
000100100100
000100100100
000100100100
000000010010
000100010001
010101010101
011101110111
110011001100
110111011101
001000100010
001000100010
010101010101
110111011101
101010101010
000100010001
000100010001
101010101010
111011101110
111111111111
111011101110
110011001100
011101110111
100010001000
111111111111
110111011101
000000000000
000000000000
000000000000
000000000000
000000000000
000000000000
000000000000
000000000000
000000000000
000000000000
000000000000
000000000000
000000000000
000000000000
000000000000
000000000000
000000000000
000000000000
000000000000
001100110011
111011101110
111111111111
111111111111
111011101110
001000100010
000000000000
000000000001
000000000001
000000000001
000100010011
000100100100
000000010010
010101000011
010101000010
010101000010
010101000011
000000000001
000100100100
000100100100
000100100100
000100100100
000000010010
000000000001
000000000001
011001100111
110111101110
111011101110
010001000100
010001000100
100110011001
111011101110
111011101110
011101110111
000100010001
100110011001
111011101110
111111111111
100010001000
100010001000
110011001100
111011101110
110111011101
110011001100
001100110011
000000000000
000000000000
000000000000
000000000000
000000000000
000000000000
000000000000
000000000000
000000000000
000000000000
000000000000
000000000000
000000000000
000000000000
000000000000
000000000000
000000000000
000000000000
000000000000
000000000000
010001000100
111111111111
111011101110
011001100110
000000000001
000000000001
000100110110
000100100101
000000010010
000000000001
000100100100
000000010010
001100110010
010101000010
001100100001
000000000001
000100010011
000100100100
000100100100
000100010011
000000000001
000000000001
000100010011
000100100101
000000010010
011001100110
110111101110
111011101110
111011101110
111011101110
111111111111
111111111111
010101010101
011101110111
111011101110
111111111111
101110111011
000000000000
000000000000
000000000000
000000000000
000000000000
000000000000
000000000000
000000000000
000000000000
000000000000
000000000000
000000000000
000000000000
000000000000
000000000000
000000000000
000000000000
000000000000
000000000000
000000000000
000000000000
000000000000
000000000000
000000000000
000000000000
000000000000
000000000000
011001100110
111111111111
100110011001
000000000001
000100100101
000000000001
000100110110
000100110110
000100100100
000000010010
000000010010
000100010011
000100010001
001100110010
000000000000
000000010010
000100100100
000100100100
000100010011
000000000001
000100010011
000100100100
000100110110
000100110110
000100110110
000000010010
010101010101
111011101110
111111111111
111111111111
111111111111
111011101110
110011001100
111011101110
111111111111
110111011101
000000000000
000000000000
000000000000
000000000000
000000000000
000000000000
000000000000
000000000000
000000000000
000000000000
000000000000
000000000000
000000000000
000000000000
000000000000
000000000000
000000000000
000000000000
000000000000
000000000000
000000000000
000000000000
000000000000
000000000000
000000000000
000000000000
000000000000
000000000000
111011101110
111011101110
000000000000
000100110110
000100110110
000000010010
000000010010
000100110110
000100100101
000100100100
000100100100
000100100100
000000000001
000100010001
000000000000
000100100100
000100100100
000100100100
000000010010
000100100100
000100110110
000100110110
000100110110
000100110110
000100100101
000000000000
000000000000
010001000101
111011101110
111111111111
111111111111
111111111111
111111111111
111111111111
111011101110
000000000000
000000000000
000000000000
000000000000
000000000000
000000000000
000000000000
000000000000
000000000000
000000000000
000000000000
000000000000
000000000000
000000000000
000000000000
000000000000
000000000000
000000000000
000000000000
000000000000
000000000000
000000000000
000000000000
000000000000
000000000000
000000000000
000000000000
000000000000
010101010101
111111111111
011001100110
000100100100
000100110110
000100110110
000100100101
000000000001
000100100100
000100110110
000100110110
000000010011
000100100100
000000010001
000000000000
000000010011
000100110110
000100100100
000000010011
000100110110
000100110110
000100110110
000100110110
000100110110
000000010011
000000000001
000000010010
000100110110
000000010010
001101000100
110111011110
111111111111
111111111111
111111111111
110111011101
000100010001
000000000000
000000000000
000000000000
000000000000
000000000000
000000000000
000000000000
000000000000
000000000000
000000000000
000000000000
000000000000
000000000000
000000000000
000000000000
000000000000
000000000000
000000000000
000000000000
000000000000
000000000000
000000000000
000000000000
000000000000
000000000000
000000000000
000000000000
000000000000
110011001100
110011001100
000100010010
000100110110
000100110110
000100110110
000100110110
000100100100
000000000000
000100100100
000100100100
000000000001
000000000001
000100100100
000000000001
000100100100
000100100100
000000000001
000000000001
000100100100
000100110110
000100110110
000100010011
000000000001
000000000001
000100100100
000100110110
000100110110
000100110110
000000010010
010001000101
111011101110
111111111111
111011101110
001000100010
000000000000
000000000000
000000000000
000000000000
000000000000
000000000000
000000000000
000000000000
000000000000
000000000000
000000000000
000000000000
000000000000
000000000000
000000000000
000000000000
000000000000
000000000000
000000000000
000000000000
000000000000
000000000000
000000000000
000000000000
000000000000
000000000000
000000000000
000000000000
010001000100
111111111111
010101100110
000100010011
000100110110
000100110110
000100110110
000100110110
000100110110
000000010010
000000000000
000000000001
000000010010
000000000001
000100100100
000100100100
000100110110
000000010010
000000000001
000000000001
000100010011
000100010011
000000000001
000000000001
000100100100
000100110110
000100110110
000100110110
000100110110
000100110110
000100110110
000000010010
011001110111
111011101110
101010101010
000000000000
000000000000
000000000000
000000000000
000000000000
000000000000
000000000000
000000000000
000000000000
000000000000
000000000000
000000000000
000000000000
000000000000
000000000000
000000000000
000000000000
000000000000
000000000000
000000000000
000000000000
000000000000
000000000000
000000000000
000000000000
000000000000
000000000000
000000000000
000000000000
101110111011
110011001100
000000010010
000100110110
000100110110
000100110110
000100110110
000100110110
000100110110
000100100101
000000000000
000000000001
000100100101
000100010011
000100100100
000100010011
000100110110
000100100101
000000010010
000000000001
000000000001
000000000001
000100010011
000100110110
000100110110
000100110110
000100110110
000100110110
000100110110
000100110110
000100110110
000100100101
000100100010
110111011101
110111011101
000000000000
000000000000
000000000000
000000000000
000000000000
000000000000
000000000000
000000000000
000000000000
000000000000
000000000000
000000000000
000000000000
000000000000
000000000000
000000000000
000000000000
000000000000
000000000000
000000000000
000000000000
000000000000
000000000000
000000000000
000000000000
000000000000
000000000000
000000000000
001100110011
111011101110
010101010101
000100010011
000100110110
000100110110
000100100101
000100100101
000100110110
000100110110
000100100100
000000000001
000000010011
000000000001
000000000001
000000000000
000000000001
000100100100
000000010011
000000000001
000000000001
000000010011
000100110110
000100110110
000100110110
000100110110
000100110110
000100110110
000100110110
000100110110
000100110110
000100110110
000100110110
000100010010
100010001000
111111111111
010101010101
000000000000
000000000000
000000000000
000000000000
000000000000
000000000000
000000000000
000000000000
000000000000
000000000000
000000000000
000000000000
000000000000
000000000000
000000000000
000000000000
000000000000
000000000000
000000000000
000000000000
000000000000
000000000000
000000000000
000000000000
000000000000
000000000000
000000000000
101010101010
101111001100
000000000001
000100110110
000100110110
000100110110
000000010010
000100100101
000100110110
000100110110
000100010011
000000010010
000100110110
000100010011
000000010010
000100100101
000000010010
000000000001
000000010010
000000000000
000100100101
000100110110
000100110110
000100110110
000100110110
000100110110
000100110110
000100110110
000100110110
000100110110
000100110110
000100110110
000100110110
000100010011
010101010110
111011101110
110011001100
000000000000
000000000000
000000000000
000000000000
000000000000
000000000000
000000000000
000000000000
000000000000
000000000000
000000000000
000000000000
000000000000
000000000000
000000000000
000000000000
000000000000
000000000000
000000000000
000000000000
000000000000
000000000000
000000000000
000000000000
000000000000
000000000000
000000000000
111011101110
010001000101
000100010011
000100110110
000100110110
000100110110
000000000001
000100110110
000100110110
000100110110
000000010010
000000010010
000100110110
000100110110
000100110110
000100110110
000100110110
000100110110
000100100101
000000000001
000100110110
000100110110
000100110110
000100110110
000100110110
000100110110
000100100101
000100100100
000100110110
000100110110
000100110110
000100110110
000100110110
000100100100
001000100011
111011101110
111011101110
000000000000
000000000000
000000000000
000000000000
000000000000
000000000000
000000000000
000000000000
000000000000
000000000000
000000000000
000000000000
000000000000
000000000000
000000000000
000000000000
000000000000
000000000000
000000000000
000000000000
000000000000
000000000000
000000000000
000000000000
000000000000
000000000000
100010001000
110011001100
000000000001
000100110110
000100110110
000100110110
000100100100
000000000001
000100110110
000100110110
000100110110
000000000001
000100010011
000100110110
000100110110
000100110110
000100110110
000100110110
000100110110
000100100101
000000000001
000100110110
000100110110
000100110110
000100110110
000100110110
000100110110
000100100101
000000010010
000100110110
000100110110
000100110110
000100110110
000100110110
000100100101
000000010001
101110111011
111111111111
100110011001
000000000000
000000000000
000000000000
000000000000
000000000000
000000000000
000000000000
000000000000
000000000000
000000000000
000000000000
000000000000
000000000000
000000000000
000000000000
000000000000
000000000000
000000000000
000000000000
000000000000
000000000000
000000000000
000000000000
000000000000
000000000000
110111011101
010101010110
000100010011
000100110110
000100110110
000100110110
000000010010
000100010011
000100110110
000100110110
000100110110
000000000001
000100100100
000100110110
000100110110
000100110110
000100110110
000100110110
000100110110
000100100101
000000000001
000100110110
000100110110
000100110110
000100110110
000100110110
000100110110
000100110110
000000000001
000100100101
000100110110
000100110110
000100110110
000100110110
000100110110
000000010010
011101110111
111111111111
111011101110
000000000000
000000000000
000000000000
000000000000
000000000000
000000000000
000000000000
000000000000
000000000000
000000000000
000000000000
000000000000
000000000000
000000000000
000000000000
000000000000
000000000000
000000000000
000000000000
000000000000
000000000000
000000000000
000000000000
000000000000
010001000100
110011001100
000100010010
000100100100
000100100101
000100100101
000100100101
000000000001
000100100101
000100100101
000100100101
000100100100
000000000000
000100100100
000100100101
000100100101
000100100101
000100100101
000100100101
000100100101
000100100100
000000000001
000100100101
000100100101
000100100101
000100100101
000100100101
000100100101
000100100101
000000010010
000000010011
000100100101
000100100101
000100100101
000100100101
000100100101
000000010010
001000110011
110011001100
110011001100
001000100010
000000000000
000000000000
000000000000
000000000000
000000000000
000000000000
000000000000
000000000000
000000000000
000000000000
000000000000
000000000000
000000000000
000000000000
000000000000
000000000000
000000000000
000000000000
000000000000
000000000000
000000000000
000000000000
000000000000
000000000000
000000000000
000000000000
000000000000
000000000000
000000000000
000000000000
000000000000
000000000000
000000000000
000000000000
000000000000
000000000000
000000000000
000000000000
000000000000
000000000000
000000000000
000000000000
000000000000
000000000000
000000000000
000000000000
000000000000
000000000000
000000000000
000000000000
000000000000
000000000000
000000000000
000000000000
000000000000
000000000000
000000000000
000000000000
000000000000
000000000000
000000000000
000000000000
000000000000
000000000000
000000000000
000000000000
000000000000
000000000000
000000000000
000000000000
000000000000
000000000000
000000000000
000000000000
000000000000
