000000000000
000000000000
000000000000
000000000000
000000000000
000000000000
000000000000
000000000000
000000000000
000000000000
000000000000
000000000000
000000000000
000000000000
000000000000
000000000000
000000000000
000000000000
000000000000
000000000000
000000000000
000000000000
000000000000
000000000000
000000000000
000000000000
000000000000
000000000000
000000000000
000000000000
000000000000
000000000000
000000000000
000000000000
000000000000
000000000000
000000000000
000000000000
000000000000
000000000000
000000000000
000000000000
000000000000
000000000000
000000000000
000000000000
000000000000
000000000000
000000000000
000000000000
000000000000
000000000000
000000000000
000000000000
000000000000
000000000000
000000000000
000000000000
000000000000
000000000000
000000000000
000000000000
000000000000
000000000000
000000000000
000000000000
000000000000
000000000000
000000000000
000000000000
000000000000
000000000000
000000000000
000000000000
000000000000
000000000000
000000000000
000000000000
000000000000
000000000000
000000000000
000000000000
000000000000
000000000000
000000000000
000000000000
000000000000
000000000000
101110111011
111111111111
111111111111
111111111111
111111111111
111011101110
111011101110
111011101110
111011101110
111011101110
111011101110
111111111111
111111111111
111111111111
101110111011
000000000000
000000000000
000000000000
000000000000
000000000000
000000000000
000000000000
000000000000
000000000000
000000000000
000000000000
000000000000
000000000000
000000000000
000000000000
000000000000
000000000000
000000000000
000000000000
000000000000
000000000000
000000000000
000000000000
000000000000
000000000000
000000000000
000000000000
000000000000
000000000000
000000000000
000000000000
000000000000
000000000000
000000000000
000000000000
000000000000
000000000000
000000000000
000000000000
000000000000
000000000000
000000000000
000000000000
000000000000
000000000000
111111111111
111111111111
110111011101
101110111011
010101010101
000100010001
000000000000
000000000000
000000000000
000000000000
000000000000
000000000000
000000000000
000000000000
000000000000
000000000000
001100110011
100010001000
101110111011
110111011101
111111111111
111111111111
110111011101
000000000000
000000000000
000000000000
000000000000
000000000000
000000000000
000000000000
000000000000
000000000000
000000000000
000000000000
000000000000
000000000000
000000000000
000000000000
000000000000
000000000000
000000000000
000000000000
000000000000
000000000000
000000000000
000000000000
000000000000
000000000000
000000000000
000000000000
000000000000
000000000000
000000000000
000000000000
000000000000
000000000000
000000000000
000000000000
000000000000
000000000000
000000000000
000000000000
111111111111
111011101110
110011001100
000100010001
000000000000
000100010001
001000100010
001000100010
001100110011
001100110011
001100110011
001100110011
001100110011
001100110011
001100110011
001100110011
001100110011
001100110011
001000100010
000100010001
000000000000
000000000000
000100010001
100110011001
110111011101
111011101110
111111111111
111111111111
000000000000
000000000000
000000000000
000000000000
000000000000
000000000000
000000000000
000000000000
000000000000
000000000000
000000000000
000000000000
000000000000
000000000000
000000000000
000000000000
000000000000
000000000000
000000000000
000000000000
000000000000
000000000000
000000000000
000000000000
000000000000
000000000000
000000000000
000000000000
000000000000
000000000000
000000000000
000000000000
000000000000
000000000000
110011001100
111111111111
101010101010
000000000000
000000000000
001000100010
001100110011
001100110011
001100110011
001100110011
001100110011
001100110011
001100110011
001100110011
001100110011
001100110011
001100110011
001100110011
001100110011
001100110011
001100110011
001100110011
001100110011
001100110011
001000100010
000100010001
000000000000
000100010001
100110011001
111011101110
111111111111
111011101110
000000000000
000000000000
000000000000
000000000000
000000000000
000000000000
000000000000
000000000000
000000000000
000000000000
000000000000
000000000000
000000000000
000000000000
000000000000
000000000000
000000000000
000000000000
000000000000
000000000000
000000000000
000000000000
000000000000
000000000000
000000000000
000000000000
000000000000
000000000000
000000000000
000000000000
000000000000
111011101110
110111011101
000100010001
000000000000
001000100010
001100110011
001100110011
001100110011
001100110011
001100110011
001100110011
001100110011
001100110011
001100110011
001100110011
001100110011
001100110011
001100110011
001100110011
001100110011
001100110011
001100110011
001100110011
001100110011
001100110011
001100110011
001100110011
001100110011
000100010001
000000000000
000100010001
001000100010
110011001100
111111111111
111011101110
000000000000
000000000000
000000000000
000000000000
000000000000
000000000000
000000000000
000000000000
000000000000
000000000000
000000000000
000000000000
000000000000
000000000000
000000000000
000000000000
000000000000
000000000000
000000000000
000000000000
000000000000
000000000000
000000000000
000000000000
000000000000
000000000000
000000000000
000000000000
111111111111
100110011001
000000000000
001000100010
001100110011
001100110011
001100110011
001100110011
001100110011
001100110011
001100110011
001100110011
001100110011
001100110011
001100110011
001100110011
001100110011
001100110011
001100110011
001100110011
001100110011
001100110011
001100110011
001100110011
001100110011
001100110011
001100110011
001100110011
001100110011
001100110011
001100110011
001000100010
000000000000
000000000000
001000100010
100010001000
111111111111
110011001100
000000000000
000000000000
000000000000
000000000000
000000000000
000000000000
000000000000
000000000000
000000000000
000000000000
000000000000
000000000000
000000000000
000000000000
000000000000
000000000000
000000000000
000000000000
000000000000
000000000000
000000000000
000000000000
000000000000
000000000000
111011101110
111111111111
011001100110
000000000000
001000100010
001100110011
001100110011
001100110011
001100110011
001100110011
001100110011
001100110011
001100110011
001100110011
001100110011
001100110011
001100110011
001100110011
001100110011
001100110011
001100110011
001100110011
001100110011
001100110011
001100110011
001100110011
001100110011
001100110011
001100110011
001100110011
001100110011
001100110011
001100110011
001100110011
001100110011
001000100010
000100010001
000000000000
000100010001
101110111011
111111111111
000000000000
000000000000
000000000000
000000000000
000000000000
000000000000
000000000000
000000000000
000000000000
000000000000
000000000000
000000000000
000000000000
000000000000
000000000000
000000000000
000000000000
000000000000
000000000000
000000000000
000000000000
000000000000
111111111111
111011101110
001100110011
000000010000
001100110011
001100110011
001100110011
001100110011
001100110011
001100110011
001100110011
001100110011
001100110011
001100110011
001100110011
001100110011
001100110011
001100110011
001100110011
001100110011
001100110011
001100110011
001100110011
001100110011
001100110011
001100110011
001100110011
001100110011
001100110011
001100110011
001100110011
001100110011
001100110011
001100110011
001100110011
001100110011
001100110011
001100110011
001000100010
000100010001
000000000000
100010001000
111111111111
000000000000
000000000000
000000000000
000000000000
000000000000
000000000000
000000000000
000000000000
000000000000
000000000000
000000000000
000000000000
000000000000
000000000000
000000000000
000000000000
000000000000
000000000000
000000000000
000000000000
111111111111
110111011101
000000000000
000100010001
001100110011
001100110011
001100110011
001100110011
001100110011
001100110011
001100110011
001100110011
001100110011
001100110011
001100110011
001100110011
001100110011
001100110011
001100110011
001100110011
001100110011
001100110011
001100110011
001100110011
001100110011
001100110011
001100110011
001100110011
001100110011
001100110011
001100110011
001100110011
001100110011
001100110011
001100110011
001100110011
001100110011
001100110011
001100110011
001100110011
001100110011
000100010001
000000000000
010001000100
111111111111
000000000000
000000000000
000000000000
000000000000
000000000000
000000000000
000000000000
000000000000
000000000000
000000000000
000000000000
000000000000
000000000000
000000000000
000000000000
000000000000
000000000000
000000000000
111111111111
110111011101
000000000000
001000100010
001100110011
001100110011
001100110011
001100110011
001100110011
001100110011
001100110011
001100110011
001100110011
001100110011
001100110011
001100110011
001100110011
001100110011
001100110011
001100110011
001100110011
001100110011
001100110011
001100110011
001100110011
001100110011
001100110011
001100110011
001100110011
001100110011
001100110011
001100110011
001100110011
001100110011
001100110011
001100110011
001100110011
001100110011
001100110011
001100110011
001100110011
001100110011
001100110011
001000100010
000000000000
000100010001
111111111111
000000000000
000000000000
000000000000
000000000000
000000000000
000000000000
000000000000
000000000000
000000000000
000000000000
000000000000
000000000000
000000000000
000000000000
000000000000
000000000000
111111111111
111011101110
000100010001
000100010001
001100110011
001100110011
001100110011
001100110011
001100110011
001100110011
001100110011
001100110011
001100110011
001100110011
001100110011
001100110011
001100110011
001100110011
001100110011
001100110011
001100110011
001100110011
001100110011
001100110011
001100110011
001100110011
001100110011
001100110011
001100110011
001100110011
001100110011
001100110011
001100110011
001100110011
001100110011
001100110011
001100110011
001100110011
001100110011
001100110011
001100110011
001100110011
001100110011
001100110011
001100110011
001000100010
000000000000
001100110011
111111111111
000000000000
000000000000
000000000000
000000000000
000000000000
000000000000
000000000000
000000000000
000000000000
000000000000
000000000000
000000000000
000000000000
000000000000
111011101110
111011101110
010101010101
000100010001
001100110011
001100110011
001100110011
001100110011
001100110011
001100110011
001100110011
001100110011
001100110011
001100110011
001100110011
001100110011
001100110011
001100110011
001100110011
001100110011
001100110011
001100110011
001100110011
001100110011
001100110011
001100110011
001100110011
001100110011
001100110011
001100110011
001100110011
001100110011
001100110011
001100110011
001100110011
001100110011
001100110011
001100110011
001100110011
001100110011
001100110011
001100110011
001100110011
001100110011
001100110011
001100110011
001100110011
001000100010
000000000000
100010001000
101110111011
000000000000
000000000000
000000000000
000000000000
000000000000
000000000000
000000000000
000000000000
000000000000
000000000000
000000000000
000000000000
000000000000
111011101110
100110011001
000000000000
001100110011
001100110011
001100110011
001100110011
001100110011
001100110011
001100110011
001100110011
001100110011
001100110011
001100110011
001100110011
001100110011
001100110011
001100110011
001100110011
001100110011
001100110011
001100110011
001100110011
001100110011
000100010001
001100110011
001100110011
001100110011
001100110011
001100110011
001100110011
001100110011
001100110011
001100110011
001100110011
001100110011
001100110011
001100110011
001100110011
001100110011
001100110011
001100110011
001100110011
001100110011
001100110011
001100110011
001100110011
001100110011
000100010001
000000000000
111111111111
000000000000
000000000000
000000000000
000000000000
000000000000
000000000000
000000000000
000000000000
000000000000
000000000000
000000000000
000000000000
111111111111
110011001100
000000000000
001100110011
001100110011
001100110011
001100110011
001100110011
001100110011
001100110011
001100110011
001100110011
001100110011
001100110011
001100110011
001100110011
001100110011
001100110011
001100110011
001100110011
001100110011
001100110011
001100110011
001100110011
001000110010
000000000000
001100110011
001100110011
001100110011
001100110011
001100110011
001100110011
001100110011
001100110011
001100110011
001100110011
001100110011
001100110011
001100110011
001100110011
001100110011
001100110011
001100110011
001100110011
001100110011
001100110011
001100110011
001100110011
001100110011
001000100010
000000000000
010101010101
110011001100
000000000000
000000000000
000000000000
000000000000
000000000000
000000000000
000000000000
000000000000
000000000000
000000000000
111111111111
101110111011
000100010001
001000100010
001100110011
001100110011
001100110011
001100110011
001100110011
001100110011
001100110011
001100110011
001100110011
001100110011
001100110011
001100110011
001100110011
001000100010
001100110011
001100110011
001100110011
001100110011
001100110011
001100110011
001100110011
001000100010
000000000000
001100110011
001100110011
001100110011
001100110011
001100110011
001100110011
001100110011
001100110011
001100110011
001100110011
001100110011
001100110011
001100110011
001100110011
001100110011
001100110011
001100110011
001100110011
001100110011
001100110011
001100110011
001100110011
001100110011
001100110011
000100010001
000000010000
111111111111
000000000000
000000000000
000000000000
000000000000
000000000000
000000000000
000000000000
000000000000
000000000000
111111111111
100010001000
000100010001
001100110011
001100110011
001100110011
001100110011
001100110011
001100110011
001100110011
001100110011
001100110011
001100110011
001100110011
001100110011
001100110011
001100110011
001100110011
000000000000
001100110011
001100110011
001100110011
001100110011
001100110011
001100110011
001100110011
001000100010
000100010001
001100110011
001100110011
001100110011
001100110011
001100110011
001100110011
001100110011
001100110011
001100110011
001100110011
001100110011
001100110011
001100110011
001100110011
001100110011
001100110011
001100110011
001100110011
001100110011
001100110011
001100110011
001100110011
001100110011
001100110011
001000100010
000000000000
101010101010
000000000000
000000000000
000000000000
000000000000
000000000000
000000000000
000000000000
000000000000
111011101110
010101010101
000100010001
001100110011
001100110011
001100110011
001100110011
001100110011
001100110011
001100110011
001100110011
001100110011
001100110011
001100110011
001100110011
001100110011
001100110011
001100110011
000100010001
000100010001
001100110011
001100110011
001100110011
001100110011
001100110011
001100110011
001100110011
000100010001
000100010001
001100110011
001100110011
001100110011
001100110011
001100110011
001100110011
001100110011
001100110011
001100110011
001100110011
001100110011
001100110011
001100110011
001100110011
001100110011
001100110011
001100110011
001100110011
001100110011
001100110011
001100110011
001100110011
001100110011
001100110011
001100110011
000000000000
010001000100
111011101110
000000000000
000000000000
000000000000
000000000000
000000000000
000000000000
101110111011
000000000000
001000100010
001100110011
001100110011
001100110011
001100110011
001100110011
001100110011
001100110011
001100110011
001100110011
001100110011
001100110011
001100110011
001100110011
001100110011
001100110011
001100110011
000000000000
001000100010
001100110011
001100110011
001100110011
001100110011
001100110011
001100110011
001100110011
000100010001
000100010001
001100110011
001100110011
001100110011
001100110011
001100110011
001100110011
001100110011
001100110011
001100110011
001100110011
001100110011
001100110011
001100110011
001100110011
001100110011
001100110011
001100110011
001100110011
001100110011
001100110011
001100110011
001100110011
001100110011
001100110011
001100110011
000000000000
000100010001
111111111111
000000000000
000000000000
000000000000
000000000000
000000000000
001100110011
000100010001
001100110011
001100110011
001100110011
001100110011
001100110011
001100110011
001100110011
001100110011
001100110011
001100110011
001100110011
001100110011
001100110011
001100110011
001100110011
001000110010
001000100010
001100110011
000000000000
001000100010
001100110011
001100110011
001100110011
001100110011
001100110011
001100110011
001100110011
000100010001
000100010001
001100110011
001100110011
001100110011
001100110011
001100110011
001100110011
001100110011
001100110011
001100110011
001100110011
001100110011
001100110011
001000100010
001100110011
001100110011
001000100010
001100110011
001100110011
001100110011
001100110011
001100110011
001100110011
001100110011
001100110011
001100110011
000100010001
000100010001
111111111111
000000000000
000000000000
000000000000
000000000000
000100010001
001000100010
001100110011
001100110011
000100010001
001000100010
001100110011
001100110011
001100110011
001100110011
001100110011
001100110011
001100110011
001100110011
001100110011
001100110011
001100110011
001100110011
000000000000
001100110011
001100110011
000000000000
001000100010
001100110011
001100110011
001100110011
001100110011
001100110011
001100110011
001100110011
000100010001
000000000000
001100110011
001100110011
001100110011
001100110011
001100110011
001100110011
001100110011
001100110011
001100110011
001100110011
001100110011
001100110011
000100010001
001100110011
001100110011
000100010001
001000100010
001100110011
001100110011
001100110011
001100110011
001100110011
001100110011
001100110011
001100110011
001000100010
000000000000
111111111111
110011001100
000000000000
000000000000
000000000000
011101110111
000000000000
000000000000
000000000000
000000000000
001000100010
001100110011
001100110011
001100110011
001100110011
001100110011
001100110011
001100110011
001100110011
001100110011
001100110011
001100110011
001000100010
000100010001
001100110011
001100110011
000000000000
001000100010
001100110011
001100110011
001100110011
001100110011
001100110011
001100110011
001100110011
000100010001
000000000000
001100110011
001100110011
001100110011
001100110011
001100110011
001100110011
001100110011
001000100010
001100110011
001100110011
001100110011
001100110011
000000000000
001000110010
001100110011
000100010001
000100010001
001100110011
001100110011
001100110011
001100110011
001100110011
001100110011
001100110011
001100110011
001000100010
000000000000
101010101010
111111111111
000000000000
000000000000
000000000000
010101010101
110111011101
101110111011
110011001100
000100010001
001100110011
001100110011
001100110011
001100110011
001100110011
001100110011
001100110011
001100110011
001100110011
001100110011
001100110011
001100110011
000000000000
001100110011
001100110011
001000100010
000000000000
001000100010
001100110011
001100110011
001100110011
001100110011
001100110011
001100110011
001100110011
001000100010
000000000000
001000100010
001100110011
001100110011
001100110011
001100110011
001100110011
001100110011
000100010001
001000100010
001100110011
001100110011
001100110011
000100010001
000100010001
001100110011
001000100010
000000000000
001100110011
001100110011
001100110011
001100110011
001100110011
001100110011
001100110011
001100110011
001100110011
000000000000
010001000100
111111111111
000000000000
000000000000
000000000000
000000000000
000000000000
010001000100
111011101110
000100010001
001100110011
001100110011
001100110011
001100110011
001100110011
001100110011
001100110011
001100110011
001100110011
001100110011
001100110011
001000100010
000100010001
001100110011
001100110011
000000000000
000000000000
001000100010
001100110011
001100110011
001100110011
001100110011
001100110011
001100110011
001100110011
001100110011
000000000000
000100010001
001100110011
001100110011
001100110011
001100110011
001100110011
001100110011
001000100010
000100010001
001100110011
001100110011
001100110011
001000100010
000000000000
001100110011
001100110011
000000000000
001000100010
001100110011
001100110011
001100110011
001100110011
001100110011
001100110011
001100110011
001100110011
000000000000
000100010001
111111111111
000000000000
000000000000
000000000000
000000000000
000000000000
010101010101
111011101110
000100010001
001100110011
001100110011
001100110011
001100110011
001100110011
001100110011
001100110011
001100110011
001100110011
001100110011
001100110011
000100010001
000100010001
001100110011
001100110011
000000000000
010001000100
000100010001
001100110011
001100110011
001100110011
001100110011
001100110011
001100110011
001100110011
001100110011
000000000000
000100010001
001100110011
001100110011
001100110011
001000100010
001100110011
001100110011
001000100010
000000000000
001100110011
001100110011
001100110011
001000100010
000000000000
001000110010
001100110011
000100010001
000100010001
001100110011
001100110011
001100110011
001100110011
001100110011
001100110011
001100110011
001100110011
000000000000
000100010001
111011101110
000000000000
000000000000
000000000000
000000000000
000000000000
010101010101
111011101110
000100010001
001100110011
001100110011
001100110011
001100110011
001000110010
001000100010
001100110011
001100110011
001100110011
001100110011
001100110011
000000000000
000100010001
001100110011
000100010001
000000000000
100010001000
000000000000
001000100010
000100100001
001100110011
001100110011
001100110011
001100110011
001100110011
001100110011
000100010001
000000000000
001000110010
001100110011
001100110011
000000000000
001100110011
001100110011
001100110011
000100010001
000100010001
001100110011
001100110011
001100110011
000000000000
001000100010
001100110011
001000100010
000100010001
001100110011
001100110011
001100110011
001100110011
001100110011
001100110011
001100110011
001100110011
000100010001
000100010001
111011101110
000000000000
000000000000
000000000000
000000000000
000000000000
100110011001
101110111011
000100010001
001100110011
001100110011
000100010001
001100110011
001000100010
000100010001
001100110011
001100110011
001100110011
001100110011
001000100010
000000000000
000000000000
000000000000
000000000000
001100110011
001000100010
000000000000
000100010001
001000100010
000100010001
001100110011
001100110011
001100110011
001100110011
001100110011
000100010001
000000000000
000000000000
000000000000
000000000000
000000000000
000000000000
000000000000
000000000000
000000000000
000000000000
001000100010
001100110011
001100110011
000000000000
001000100010
001100110011
001000100010
000000000000
001100110011
001100110011
001100110011
001100110011
001100110011
001100110011
001100110011
001100110011
000100010001
000100010001
111011101110
000000000000
000000000000
000000000000
000000000000
000000000000
100110011001
101010101010
001000100010
001100110011
001000100010
000000000000
001100110011
001000100010
000000010000
001100110011
001100110011
001100110011
001100110011
001000100010
001000100010
000000000000
001000100010
000000000000
100001110111
110010111011
010000110011
001000100010
001000100010
000000000000
001100110011
001100110011
001100110011
001100110011
001100110011
001000100010
000000000000
000100010001
001100110011
000100010001
000000000000
000100010001
001000100010
001100110011
001000100010
000000000000
000100010001
001100110011
001100110011
000000000000
001000100010
001100110011
001100110011
000000000000
000100010001
001100110011
001100110011
001100110011
001100110011
001100110011
001100110011
001100110011
001000100010
000000010000
111011101110
011101110111
000000000000
000000000000
000000000000
000000000000
101110111011
011101110111
001000100010
001100110011
000100010001
000000000000
001100110011
001100110011
000000000000
001100110011
001100110011
001100110011
001100110011
001000010001
100001110111
000100010001
000100010001
000000000000
110111001100
111011011100
100001110111
000000000000
001000100010
000000000000
000100010001
001100110011
001100110011
001100110011
001100110011
001000100010
000100010001
000100010001
001000100010
000100010001
000100010001
010101010101
000100010001
001100110011
001000100010
000000000000
011001100101
000000000000
001100110011
000000010000
001000100010
001100110011
001100110011
000100010001
000100010001
001100110011
001100110011
001100110011
001100110011
001100110011
001100110011
001100110011
001000100010
000000000000
111011101110
100010001000
000000000000
000000000000
000000000000
000000000000
110011001100
011001100110
001000100010
001100110011
000000000000
000000000000
001100110011
001100110011
000000000000
001000100010
001100110011
001100110011
001100110011
000100010001
110111001100
000000000000
000000000000
011001010101
110111001100
111011011101
110111001100
001000100010
001000100010
000000000000
001100110011
000100010001
001100110011
001100110011
001100110011
001000100010
001000100010
010101010101
000100010001
000000000000
010001000011
110111001100
010001000011
000000000000
000100010001
000000000000
101010011001
011101100110
000000000000
000000000000
000100010001
001000100010
001100110011
001000100010
000000000000
001000110010
001100110011
001100110011
001100110011
001100110011
001100110011
001100110011
001000100010
000000000000
101110111011
110011001100
000000000000
000000000000
000000000000
000000000000
101110111011
011001100110
001000100010
001000100010
000000000000
000000000000
001100110011
001100110011
000100010001
000000010000
001100110011
001100110011
001000100010
000100010001
111111011101
010101010101
000000000000
101110101010
111011011100
111011011101
111011011100
100001110111
000000000000
000100010001
100010000111
011001010101
000100010001
001100110011
001100110011
001000100010
001000100010
110111001100
001000100001
000000000000
101010011001
111011011101
110111001100
001000100010
000000000000
000100010001
010101010101
111011011100
001100110011
000000000000
000100010001
000000000000
001000100010
001100110011
000100010001
000100010001
001100110011
001100110011
001100110011
001100110011
001100110011
001100110011
001100110011
000000000000
011101110111
111111111111
000000000000
000000000000
000000000000
000000000000
100010001000
010001000100
001100110011
000100010001
010101010101
000000000000
001100110011
001100110011
001000100010
000000000000
001100110011
001100110011
001000100010
011001010101
111011011101
101110101010
001000100001
110010111011
111011011101
111011011101
111011011101
111011011101
001100110011
000000000000
001100100010
111011011100
011001010101
000000000000
001000100010
001000100010
001100110011
111011011101
110111001100
000000000000
111011011100
111011011101
111011011101
111011011101
100110011000
011101100110
011101110111
111011011100
100001110111
000000000000
000100010001
000100010001
000000000000
001100110011
001000100010
000000000000
001000100010
001100110011
001100110011
001100110011
001100110011
001100110011
001100110011
000000000000
000100010001
111111111111
000000000000
000000000000
000000000000
000000000000
010101010101
010001000100
001100110011
000000000000
110111011101
000000000000
001000100010
001100110011
001100110011
000000000000
001000100010
001100110011
000100010001
011101100110
111011011101
110010111011
001000100010
100001110111
011001010101
100001110111
111011011100
111011011101
110111001100
010001000100
011001100101
111011011101
111011011101
100010000111
000100010001
000100000000
001000100010
111011011101
111011011101
010101010101
111011011100
011101110111
100001110111
101110101010
111011011101
111011011101
111011011101
111011011101
100110001000
000000000000
000100010001
001100110011
000100010001
000000000000
001000100010
000100010001
000000000000
001000100010
001100110011
001100110011
001100110011
001100110011
001100110011
000100010001
000000000000
111011101110
000000000000
000000000000
000000000000
000000000000
001000100010
011001100110
000100010001
000100010001
111111111111
000000000000
001000100010
001100110011
001100110011
000100010001
000000000000
001100110011
000000000000
100010001000
111011011101
111011011100
011101110111
110010111011
111111101101
111011011101
111011011101
111011011101
111011011101
111011011101
110010111011
111011011101
111011011101
111011011101
111011011101
011001100110
001100110011
111011011101
111011011101
111011011101
110111001100
111011011100
110010111011
110111001100
111011011101
111011011101
111011011101
111011011101
100110011000
000000000000
001000100010
001100110011
001100110011
000100010001
000000000000
000000000000
000000000000
000000000000
000100010001
001100110011
001100110011
001100110011
001100110011
001000100010
000000000000
101110111011
110111011101
000000000000
000000000000
000000000000
000100010001
100010001000
000000000000
100110011001
111111111111
001000100010
001000100010
001000100010
000100010001
001100110011
000000000000
001000100010
000100010001
100110001000
111011011101
100110001000
010001000100
001000100010
001000100010
000100010001
001000100010
010001000100
101010011001
111011011101
111011011101
111011011101
111011011101
111011011101
111011011101
111011011101
101110111010
111011011101
100110011001
001000100010
001000100010
001000100010
001000100010
001000010001
001000100010
011001100110
101110101001
110111001100
100010000111
000100010001
001100110011
001100110011
001100110011
001100110011
001100110011
000100010001
000000000000
000000000000
000000000000
000100010001
001100110011
001100110011
001100110011
001100110011
000000000000
001000100010
111111111111
000000000000
000000000000
000000000000
000000000000
101110111011
000000000000
110111011101
111111111111
010001000100
000100010001
000100010001
000000000000
001100110011
000100010001
000000000000
000100010001
100110001000
100001110111
001000100010
001000100010
001000010001
001000100001
001000100010
001000100010
001100110011
011001100110
111011011101
111011011101
111011011101
111011011101
111011011101
111011011101
111011011101
111011011101
111011011100
010101010101
010001000100
001000100010
001000100010
001000100010
001000100010
001100100010
001100100010
001100110011
001100110011
001000010001
001000100010
001100110011
001100110011
001000110010
001100110011
001100110011
001100110011
001100110011
001100110011
001000100010
000100010001
001100110011
001100110011
001100110011
001100110011
000100010001
000000000000
110011001100
100010001000
000000000000
000000000000
000000000000
111011101110
000000000000
110011001100
111011101110
011101110111
000000000000
000000000000
000000000000
001000100010
001100110011
000000000000
000000000000
011001010101
010101010100
001100110011
001000100010
000100010001
000100010001
000100010001
000100010001
000100010001
100001110111
111011011101
111011011101
111011011101
111011011101
111011011101
111011011101
111011011101
111011011101
111011011101
110111001100
010101000100
001100100010
001000100010
001000010001
001000100010
001000100010
001000100010
001000100010
100001110111
000000000000
001000110010
001100110011
001100110011
000100010001
001100110011
001100110011
001100110011
001100110011
001100110011
001100110011
001100110011
001100110011
001100110011
001100110011
001100110011
001100110011
000000000000
010001000100
110111011101
000000000000
000000000000
000000000000
111011101110
010001000100
000100010001
010101010101
111011101110
000000000000
000000000000
000100010001
000100010001
001100110011
001100110011
000000000000
001000100010
011001100110
001000100010
000100010001
000100010001
000100010001
001100110011
011101110111
110111001100
111011011101
111011011101
111011011101
111011011101
111011011101
111011011101
111011011101
111011011101
111011011101
111011011101
111011011101
110111001100
110111001011
101010101001
010101010101
010000110011
000100010001
000100010001
000000000000
001100110011
000000000000
001100110011
001100110011
001000100010
000100010001
001100110011
001100110011
001100110011
001100110011
001100110011
001100110011
001100110011
001100110011
001100110011
001100110011
001000100010
001100110011
000100010001
000000000000
101110111011
000000000000
000000000000
000000000000
101010101010
101010101010
000000000000
000000000000
111111111111
011001100110
000000000000
011101110111
000000000000
001100110011
001100110011
001000100010
000100000000
010000110011
101110011001
110110111010
111011001011
111011001100
111011001100
111011011101
111011011101
111011011101
111011011101
111011011101
111011011101
111011011101
111011011101
111011011101
111011011101
111011011101
111011011101
111011011101
111011011101
111011011101
111011001100
111011001011
111010111011
111010101010
111010101010
111011001011
010101010100
001000100010
001100110011
001100110011
000000000000
001100110011
001100110011
001100110011
001100110011
001100110011
001100110011
001100110011
001100110011
001100110011
001100110011
000100010001
000100010001
001000100010
001100110011
000000000000
010101010101
000000000000
000000000000
000000000000
000000000000
000000000000
000000000000
000000000000
101010101010
110111011101
010001000100
110011001100
000000000000
001100110011
001100110011
001100110011
000000000000
000100010001
111010111011
111010111011
111010111011
111011001011
111011001100
111011011100
111011011101
111011011101
111011011101
111011011101
111011011101
111011011101
111011011101
111011011101
111011011101
111011011101
111011011101
111011011101
111011011101
111011011100
111011001100
111011001011
111010011001
111010101001
111010101001
111010011001
000100010001
001100110011
001100110011
000100010001
000100010001
001100110011
001100110011
001100110011
001100110011
001100110011
001100110011
001100110011
001100110011
001100110011
001100110011
000000000000
100010001000
000000000000
000100010001
000100010001
000000000000
000000000000
000000000000
000000000000
000000000000
000000000000
000000000000
000000000000
000000000000
110011001100
111111111111
110111011101
000000000000
001000100010
001100110011
001100110011
000000000000
011001010101
111010111011
111010111011
111010111011
111011001011
111011001100
111011011100
111011011101
111011011101
111011011101
111011011101
111011011101
111011011101
111011011101
111011011101
111011011101
111011011101
111011011101
111011011101
111011011101
111011011101
111011001100
111011001011
111011001011
110110111010
111011001011
100101110111
000100010001
001100110011
001000100010
000000000000
001100110011
001100110011
001100110011
001100110011
001100110011
001100110011
001100110011
001100110011
001100110011
001100110011
001100110011
000000000000
100010001000
101110111011
000000000000
000100010001
000000000000
000000000000
000000000000
000000000000
000000000000
000000000000
000000000000
000000000000
000000000000
000000000000
011101110111
111011101110
000000000000
000000000000
001100110011
001100110011
000000000000
010001000011
111010111011
111010111011
111011001011
111011001100
111011001100
111011011100
111011011101
111011011101
111011011101
111011011101
111011011101
111011011101
111011011101
111011011101
111011011101
111011011101
111011011101
111011011101
111011011101
111011011101
111011011100
111011001100
111011001100
011101100110
111011001100
000100010001
001100110011
001100110011
000000000000
001000100010
001100110011
001100110011
001100110011
001100110011
001100110011
001100110011
001000100010
001000100010
001100110011
001100110011
001100110011
000000000000
100010001000
111011101110
101010101010
000000000000
000000000000
000000000000
000000000000
000000000000
000000000000
000000000000
000000000000
000000000000
000000000000
000000000000
100110011001
111111111111
001000100010
000000000000
001000100010
001100110011
000100010001
000100010001
111011001100
111011001100
111011001100
111011001100
111011011100
111011011101
111011011101
111011011101
111011011101
111011011101
111011011101
111011011101
111011011101
111011011101
111011011101
111011011101
111011011101
111011011101
111011011101
111011011101
111011011101
111011011101
101110011001
011101100110
110010101010
000100010001
000100010001
000000000000
001000100010
001100110011
001100110011
001100110011
001100110011
001100110011
001100110011
001100110011
001000100010
001000100010
001100110011
001100110011
001100110011
000000000000
100010001000
011101110111
101010101010
101110111011
000100010001
000000000000
000000000000
000000000000
000000000000
000000000000
000000000000
000000000000
000000000000
000000000000
101110111011
111011101110
000000000000
000000000000
000100010001
001100110011
000100010001
000000000000
100110001000
111011011100
111011011100
111011011100
111011011101
111011011101
111011011101
111011011101
111011011101
111011011101
111011011101
111011011101
111011011101
111011011101
111011011101
111011011101
111011011101
111011011101
111011011101
111011011101
111011011101
110111001011
101010011001
100001110111
100110001000
001000100010
000000000000
001000100010
001100110011
001100110011
001100110011
001100110011
001100110011
001100110011
001100110011
001100110011
000100010001
001000100010
001100110011
001100110011
001100110011
000000000000
100010001000
100010001000
000000000000
101010101010
110011001100
000000000000
000000000000
000000000000
000000000000
000000000000
000000000000
000000000000
000000000000
000000000000
110111011101
110111011101
000000000000
000000000000
000000000000
001000100010
000100010001
000000000000
000000000000
110010111011
111011011100
111011011101
111011011101
111011011101
111011011101
111011011101
111011011101
111011011101
111011011101
111011011101
111011011101
111011011101
111011011101
111011011101
111011011101
111011011101
111011011101
111011011101
111011011101
111011011101
011101100110
110111001011
111011011101
010001000100
000000000000
001100110011
001100110011
000100010001
001000100010
001100110011
001100110011
001100110011
001100110011
001100110011
000100010001
001000110010
001100110011
001100110011
001100110011
000000000000
011101110111
101110111011
000000000000
000000000000
000000000000
000000000000
000000000000
000000000000
000000000000
000000000000
000000000000
000000000000
000000000000
000000000000
111111111111
000100010001
000000000000
000000000000
000000000000
000100010001
001100110011
000000000000
000000000000
000100010001
110111001100
111011011101
111011011101
111011011101
111011011101
111011011101
111011011101
111011011101
100110001000
001100110011
010101000100
010101000100
011001000100
010101000100
001100110011
110111001100
111011011101
111011011101
111011011101
111011011101
111011011101
110010111011
001000100010
000000000000
001000100010
001100110011
000100010001
000000000000
001100110011
001000100010
000100010001
001100110011
001100110011
001000100010
000100010001
001100110011
001100110011
001100110011
001100110011
000000000000
010001000100
101110111011
000000000000
000000000000
000000000000
000000000000
000000000000
000000000000
000000000000
000000000000
000000000000
000000000000
000000000000
000000000000
111011101110
000000000000
000100010001
000000000000
000000000000
000000000000
001000100010
000100010001
000000000000
000000000000
001000010001
110010111011
111011011101
111011011101
111011011101
111011011101
111011011101
111011011101
111011011101
110010101010
010000110011
111010101010
111010101010
111010101010
101110011001
111011011100
111011011101
111011011101
111111101101
100001110111
001100110011
000000000000
000100010001
000000000000
001100110011
000100010001
000000000000
001000100010
001000100010
000000000000
000100010001
001100110011
001100110011
000100010001
001000100010
001100110011
001000100010
000100010001
001100110011
000000000000
000100010001
111011101110
000000000000
000000000000
000000000000
000000000000
000000000000
000000000000
000000000000
000000000000
000000000000
000000000000
000000000000
001100110011
011001100110
000100010001
110111011101
000000000000
000000000000
000100010001
000100010001
001000100010
000000000000
000000000000
000000000000
000000000000
010101010101
110111001011
111011011101
111011011101
111011011101
111011011101
111011011101
111011011101
111011011101
111011001100
111011001100
111011001100
111011011100
111011011101
110111001011
011101100110
000100010001
000100010001
000100010001
000100010001
000000000000
001000100010
000100010001
000000000000
001000100010
001000100010
000000000000
000000000000
001100110011
001100110011
000100010001
000000000000
001100110011
001100110011
000100010001
000000000000
000100010001
000100010001
000000000000
111011101110
000000000000
000000000000
000000000000
000000000000
000000000000
000000000000
000000000000
000000000000
000000000000
000000000000
000000000000
010101010101
001100110011
011101110111
111011101110
000000000000
101110111011
100010001000
000000000000
001000100010
000000000000
000000000000
000000000000
000100010001
000100000000
000000000000
001100110011
101010011001
111011011101
111011011101
111011011101
111011011101
111011011101
111011011101
111011011101
110111001100
100110011000
010000110011
000000000000
000100010001
000100010001
000100010001
000000000000
000000000000
000100010001
000100010001
000000000000
001000100010
001000100010
000000000000
000000000000
000100010001
001100110011
000100010001
000000000000
000100010001
001100110011
001000100010
000000000000
010001000100
000000000000
001000100010
000000000000
101110111011
000000000000
000000000000
000000000000
000000000000
000000000000
000000000000
000000000000
000000000000
000000000000
000000000000
000000000000
000100010001
111111111111
110111011101
000000000000
000000000000
000000000000
111111111111
001100110011
000100010001
000000000000
000000000000
000000000000
000000000000
000100010001
000100010001
000000000000
000000000000
000100000000
010101010101
100110001000
101110101010
110010111011
101110101010
010001000100
000000000000
000100010001
000000000000
000000000000
000100010001
000100010001
000100010001
000000000000
000100010001
000100010001
000000000000
001000110010
001000100010
000000000000
010001000100
000100010001
000100010001
000100010001
000000000000
000100010001
000000000000
001100110011
000000000000
001100110011
111011101110
000000000000
000000000000
000000000000
000100010001
100110011001
000000000000
000000000000
000000000000
000000000000
000000000000
000000000000
000000000000
000000000000
000000000000
000000000000
000000000000
000000000000
000000000000
000000000000
000000000000
000000000000
000000000000
111011101110
000100010001
000000000000
000000000000
000000000000
000100010001
000000010000
000000000000
000100010001
000100010001
000100010001
000100010001
000000000000
000100010001
000000000000
001000100001
001100100010
010101010100
000100010001
000000000000
000000000000
000000000001
000000000000
000000000001
000000000000
000000000000
000000000000
001000100010
000000000000
000000000000
011001100110
100010001000
000000000000
000100010001
000000000000
001100110011
010001000100
000100010001
000100010001
000000000000
110011001100
111011101110
110011001100
000000000000
000000000000
000000000000
111011101110
000000000000
000000000000
000000000000
000000000000
000000000000
000000000000
000000000000
000000000000
000000000000
000000000000
000000000000
000000000000
000000000000
000000000000
000000000000
000000000000
000000000000
000000000000
111111111111
010101010101
000100010001
000000000000
000000000000
000000000000
000000000000
000000000000
000100010001
000000000000
000000000000
000000010010
000000000000
000100010000
010101000011
001100100001
001100100001
001000100001
000000000001
000100100100
000100100100
000100100100
000100100100
000000010010
000000000000
000000000000
000100010001
001000100010
110011001100
110111011101
000000000000
000000000000
000000000000
100010001000
111011101110
000000000000
000000000000
000000000000
101010101010
111111111111
000000000000
101110111011
111011101110
010101010101
000100010001
110111011101
000000000000
000000000000
000000000000
000000000000
000000000000
000000000000
000000000000
000000000000
000000000000
000000000000
000000000000
000000000000
000000000000
000000000000
000000000000
000000000000
000000000000
000000000000
000000000000
111011101110
111011101110
101110111011
000000000000
000000000000
000000000000
000000000000
000000000000
000100010011
000100100100
000100100100
000100010001
011101100100
001100100001
100001100100
010101000011
000000000000
000100010011
000100100100
000100100100
000100100100
000100100101
000000010010
000000000000
000000000001
110011001101
111011101110
111111111111
000100010001
000000000000
000000000000
100010001000
111011101110
111011101110
000000000000
000000000000
100110011001
111111111111
000000000000
000000000000
000000000000
000000000000
000000000000
000000000000
000000000000
000000000000
000000000000
000000000000
000000000000
000000000000
000000000000
000000000000
000000000000
000000000000
000000000000
000000000000
000000000000
000000000000
000000000000
000000000000
000000000000
000000000000
000000000000
000000000000
111111111111
111011101110
000100010001
000000000000
000000000000
000100100101
000100100100
000000000001
000000000001
000100100101
000100100100
000100010001
101010000101
001000100001
010101000010
000000000000
000000010010
000100100100
000100100100
000100100101
000000010010
000000000001
000000000000
000100010011
000100100100
000100010010
110011011101
101110111100
011101110111
110111011101
111111111111
011101110111
010001000100
110111011101
000000000000
011101110111
000000000000
000000000000
000000000000
000000000000
000000000000
000000000000
000000000000
000000000000
000000000000
000000000000
000000000000
000000000000
000000000000
000000000000
000000000000
000000000000
000000000000
000000000000
000000000000
000000000000
000000000000
000000000000
000000000000
000000000000
000000000000
000000000000
000000000000
000000000000
111111111111
001101000100
000000000000
000000010010
000100100100
000100110110
000100100101
000100100100
000000000001
000000000001
000100100100
000000000001
100101110101
000100010000
000000000000
000000000001
000100100101
000100100100
000100100100
000000000001
000000000000
000100010011
000100100100
000100110110
000100110110
000100100100
000000010010
110011001101
111111111111
111111111111
010101010101
000000000000
001100110011
110111011101
101010101010
111111111111
000000000000
000000000000
000000000000
000000000000
000000000000
000000000000
000000000000
000000000000
000000000000
000000000000
000000000000
000000000000
000000000000
000000000000
000000000000
000000000000
000000000000
000000000000
000000000000
000000000000
000000000000
000000000000
000000000000
000000000000
000000000000
000000000000
000000000000
111111111111
100110101010
000000000000
000100110110
000100100101
000000000001
000100100101
000100110110
000100100101
000100100100
000000000001
000100100100
000000000001
011001010011
000000000000
000000000000
000100100100
000100100100
000100100100
000000010010
000000000001
000100100100
000100100101
000100110110
000100110110
000100110110
000100110110
000000000000
000000000000
101110111100
111011101111
111011101110
000000000000
000000000000
100010001000
100010001000
000000000000
000000000000
000000000000
000000000000
000000000000
000000000000
000000000000
000000000000
000000000000
000000000000
000000000000
000000000000
000000000000
000000000000
000000000000
000000000000
000000000000
000000000000
000000000000
000000000000
000000000000
000000000000
000000000000
000000000000
000000000000
000000000000
000000000000
000000000000
110111011110
000000000000
000100100101
000100110110
000100110110
000000010010
000000000001
000100110110
000100110110
000100100101
000100100101
000100100101
000000000001
000100010001
000000000000
000000010010
000100100101
000100100101
000100100101
000100100100
000100110110
000100110110
000100110110
000100110110
000100110110
000100100101
000000000001
000000000000
000000010011
000000000000
100110101010
111111111111
101110111011
000000000000
000000000000
000000000000
000000000000
000000000000
000000000000
000000000000
000000000000
000000000000
000000000000
000000000000
000000000000
000000000000
000000000000
000000000000
000000000000
000000000000
000000000000
000000000000
000000000000
000000000000
000000000000
000000000000
000000000000
000000000000
000000000000
000000000000
000000000000
000000000000
000000000000
111111111111
011001110111
000000010010
000100110110
000100110110
000100110110
000100110110
000000000001
000100010011
000100110110
000100110110
000000010010
000000000001
000100100101
000000000001
000000000000
000100100101
000100110110
000000000001
000000000001
000100110110
000100110110
000100110110
000100110110
000100110110
000100100100
000000000000
000000000001
000100100101
000100110110
000100100100
000000000000
101010101010
111111111111
100010001000
000000000000
000000000000
000000000000
000000000000
000000000000
000000000000
000000000000
000000000000
000000000000
000000000000
000000000000
000000000000
000000000000
000000000000
000000000000
000000000000
000000000000
000000000000
000000000000
000000000000
000000000000
000000000000
000000000000
000000000000
000000000000
000000000000
000000000000
000000000000
000000000000
110111011110
000000000000
000100100101
000100110110
000100110110
000100110110
000100110110
000100100100
000000000000
000100100100
000100100100
000000000001
000000000001
000000000001
000000010010
000000000000
000100110110
000000010010
000000000001
000000000001
000000010011
000100110110
000100110110
000100100100
000000000001
000000000001
000000010010
000100110110
000100110110
000100110110
000100110110
000100100100
000000000000
110011001100
111111111111
000000000000
000000000000
000000000000
000000000000
000000000000
000000000000
000000000000
000000000000
000000000000
000000000000
000000000000
000000000000
000000000000
000000000000
000000000000
000000000000
000000000000
000000000000
000000000000
000000000000
000000000000
000000000000
000000000000
000000000000
000000000000
000000000000
000000000000
000000000000
111111111111
011001100111
000000010010
000100110110
000100110110
000100110110
000100110110
000100110110
000100110110
000000010010
000000000000
000000000001
000000010011
000000000000
000000000001
000100110110
000100110110
000100100101
000000000001
000000000001
000000000001
000000010010
000100010011
000000000001
000000000001
000000010010
000100110110
000100110110
000100110110
000100110110
000100110110
000100110110
000100110110
000000010011
000000000001
111011101111
110111011101
000000000000
000000000000
000000000000
000000000000
000000000000
000000000000
000000000000
000000000000
000000000000
000000000000
000000000000
000000000000
000000000000
000000000000
000000000000
000000000000
000000000000
000000000000
000000000000
000000000000
000000000000
000000000000
000000000000
000000000000
000000000000
000000000000
000000000000
111011101111
000000000001
000100100100
000100110110
000100110110
000100110110
000100110110
000100110110
000100110110
000100100110
000000000000
000000000000
000100100100
000100100100
000100110110
000000010010
000100100101
000100110110
000100100101
000000000001
000000000000
000000000001
000000000001
000000010010
000100110110
000100110110
000100110110
000100110110
000100110110
000100110110
000100110110
000100110110
000100110110
000100110110
000000000001
010101010110
111011101110
000000000000
000000000000
000000000000
000000000000
000000000000
000000000000
000000000000
000000000000
000000000000
000000000000
000000000000
000000000000
000000000000
000000000000
000000000000
000000000000
000000000000
000000000000
000000000000
000000000000
000000000000
000000000000
000000000000
000000000000
000000000000
000000000000
111111111111
010001000101
000000010010
000100110110
000100110110
000100110110
000000010010
000100110110
000100110110
000100110110
000100100100
000000000001
000100010011
000000000001
000000010010
000000000000
000000000000
000000010011
000100100101
000000010010
000000000000
000000000001
000000010010
000100100101
000100110110
000100110110
000100110110
000100110110
000100110110
000100110110
000100110110
000100110110
000100110110
000100110110
000100110110
000100100100
000100100011
111111111111
000000000000
000000000000
000000000000
000000000000
000000000000
000000000000
000000000000
000000000000
000000000000
000000000000
000000000000
000000000000
000000000000
000000000000
000000000000
000000000000
000000000000
000000000000
000000000000
000000000000
000000000000
000000000000
000000000000
000000000000
000000000000
000000000000
111011101110
000000000001
000100100101
000100110110
000100110110
000100110110
000000010001
000100110110
000100110110
000100110110
000000010011
000000000001
000100110110
000100010011
000000000000
000000010011
000000010010
000000000001
000000000001
000000000001
000000000000
000100100101
000100110110
000100110110
000100110110
000100110110
000100110110
000100110110
000100110110
000100110110
000100110110
000100110110
000100110110
000100110110
000100110110
000100100101
000000000001
111011111111
101010101010
000000000000
000000000000
000000000000
000000000000
000000000000
000000000000
000000000000
000000000000
000000000000
000000000000
000000000000
000000000000
000000000000
000000000000
000000000000
000000000000
000000000000
000000000000
000000000000
000000000000
000000000000
000000000000
000000000000
000000000000
111011101110
010001000101
000000010010
000100110110
000100110110
000100110110
000100100100
000000010010
000100110110
000100110110
000100110110
000000010010
000000010010
000100110110
000100110110
000100110110
000100110110
000100110110
000100100101
000100100101
000100100101
000000000000
000100110110
000100110110
000100110110
000100110110
000100110110
000100110110
000100110110
000100100101
000100110110
000100110110
000100110110
000100110110
000100110110
000100110110
000100100110
000000000001
100010011001
101110111011
000000000000
000000000000
000000000000
000000000000
000000000000
000000000000
000000000000
000000000000
000000000000
000000000000
000000000000
000000000000
