00000000000000000000000000000000
00000000000000000000000000000000
00000000000000000000000000000000
00000000000000000000000000000000
00000000000000000000000000000000
00000000001111111100000000000000
00000000111111111111000000000000
00000001111000000111100000000000
00000011100000000001110000000000
00000111000000000000111000000000
00000110000000000000111000000000
00001110000000000000011100000000
00001100000000000000001100000000
00001100000000000000001110000000
00011000011000001100001110000000
00011000011000001100000110000000
00011000011000001100000110000000
00011000000000000000000110000000
00011000000000000000000111000000
00011000000000000000000011000000
00011000000000000000000011000000
00011000000100000100000011000000
00011000000011111000000011000000
00011000000000000000000011000000
00011000000000000000010011000000
00011001111000000001100011000000
00001000001000000001000011000000
00001100111000000000111011000000
00001100000000000000000011000000
00001111111111111111111111000000
00001111111111111111111111000000
00000000000000000000000000000000
